1.55049e+09	1281	2118	2306	-313	-261	-259	5889	-25859	14848
1550492293.948817	1281	2122	2306	-308	-286	1	4609	-25603	10240
1550492293.959228	1274	2118	2304	-275	-306	22	5377	-26115	12800
1550492293.969704	1254	2130	2313	-259	-287	27	5889	-25859	13568
1550492293.980309	1270	2129	2303	31	5	46	5121	-26883	10240
1550492293.990783	1267	2124	2304	37	36	21	6145	-26371	13568
1550492294.001299	1280	2119	2298	25	38	4	5633	-25603	11008
1550492294.011861	1276	2126	2301	7	21	-262	4865	-25091	8704
1550492294.022291	1271	2124	2304	11	9	3	4865	-25091	8704
1550492294.032736	1269	2126	2303	16	3	-266	5377	-25347	9472
1550492294.043159	1270	2122	2302	24	18	-265	5633	-26115	15616
1550492294.053594	1270	2120	2303	23	29	-260	5121	-26371	15360
1550492294.064028	1268	2118	2301	16	40	-259	3585	-24835	9216
1550492294.074565	1268	2114	2298	-257	51	-272	6401	-25859	8192
1550492294.084994	1268	2109	2297	-263	59	-277	7425	-24835	11008
1550492294.095575	1270	2110	2296	-286	43	-272	4865	-26883	9472
1550492294.106025	1271	2113	2291	-293	42	-270	6401	-25859	13824
1550492294.11662	1274	2111	2291	-291	37	-261	4609	-25859	11264
1550492294.127048	1279	2106	2291	-292	20	-268	7425	-25347	7680
1550492294.137646	1277	2103	2295	-305	6	-272	7425	-25347	9728
1550492294.148225	1273	2097	2295	-334	-275	-287	7169	-24835	9728
1550492294.158806	1245	2100	2307	-348	-269	-293	7937	-26115	11264
1550492294.169184	1264	2099	2296	-357	2	-289	6401	-27139	16896
1550492294.179574	1244	2110	2305	-326	41	11	5377	-24579	10752
1550492295.345941	1267	2110	2292	-301	47	36	9473	-26115	9472
1550492295.356378	7681	-26883	11264	-56	-24099	-2556	2117	2290	1792
1550492295.366595	6913	-24323	13056	-56	-23075	-1020	2120	2286	6400
1550492295.376999	5633	-24067	11520	-56	-22051	-1276	2118	2283	7168
1550492295.387435	7169	-25347	7936	-56	-21027	-252	2128	2281	8704
1550492295.397843	7425	-25603	10240	-56	-20003	-1788	2119	2279	14336
1550492295.408343	7681	-26883	11776	-56	-18979	261	2121	2278	15360
1550492295.418939	7681	-26883	11776	-56	-17955	-252	2115	2279	16128
1550492295.429533	6145	-25347	7680	-56	-16931	-1532	2107	2283	11776
1550492295.440137	6913	-27139	11520	-56	-15907	-1788	2099	2282	6400
1550492295.450578	6913	-27139	11520	-56	-14883	-11260	2098	2304	-2305
1550492295.461003	5889	-24835	10240	-56	-13859	-3580	2104	2291	-6913
1550492295.47139	5889	-25603	7936	-56	-12835	-4348	2121	2295	-4865
1550492295.481795	5889	-25603	7936	-56	-11811	2565	2128	2289	3584
1550492295.492198	4097	-23555	9728	-56	-10787	1797	2134	2283	8960
1550492295.502633	4865	-24323	15872	-56	-9763	-8188	2130	2297	15360
1550492295.513071	3841	-24323	7424	-56	-8739	-5884	2112	2287	11264
1550492295.523474	7169	-25603	8448	-56	-7715	-5116	2111	2287	4864
1550492295.534176	4353	-25347	10496	-56	-6691	-764	2117	2281	-7169
1550492296.210825	4097	-25603	11520	-56	-5667	1285	2127	2282	-10497
1550492296.221293	-10753	-2561	-1537	274	-866	41	-14336	-8718	1264
1550492296.231893	-10241	-6657	-6401	275	-867	31	-14336	-8714	1264
1550492296.242151	-12289	-5377	-6657	279	-868	37	-14336	-8710	1272
1550492296.252418	-14849	-3841	-5121	283	-869	48	-14336	-8706	1273
1550492296.262774	-13825	-4609	-5121	284	-869	44	-14336	-8702	1275
1550492296.273141	-12545	-6145	-4097	288	-873	43	-14336	-8698	1273
1550492296.283718	-9729	-6913	-4353	282	-865	41	-14336	-8694	1269
1550492296.294281	-8961	-6401	-3841	276	-871	49	-14336	-8690	1266
1550492296.30487	-7937	-3329	0	273	-866	48	-14336	-8686	1268
1550492296.315472	-4353	256	3072	274	-868	47	-14336	-8682	1271
1550492296.326012	-2305	2560	3840	283	-872	40	-14336	-8678	1274
1550492296.336829	-2561	3328	-1281	282	-878	49	-14336	-8674	1270
1550492296.347429	-2561	768	-2305	281	-870	42	-14336	-8670	1271
1550492296.358028	-4353	1792	1536	282	-866	46	-14336	-8666	1277
1550492296.368602	-7425	1280	3072	284	-871	30	-14336	-8662	1276
1550492296.379064	-4865	1280	3328	280	-871	49	-14336	-8658	1273
1550492296.38969	-1537	0	512	289	-874	44	-14336	-8654	1267
1550492296.808435	1792	2560	-2049	282	-871	59	-14336	-8650	1269
1550492296.819131	-1272	-248	253	6144	3329	8957	152	28	16072
1550492296.829568	-1784	-248	242	5376	3585	8701	156	43	17096
1550492296.840087	-1528	-248	235	3584	7681	6653	153	37	18120
1550492296.850544	-2040	-248	236	5888	8705	6909	155	51	-28984
1550492296.861014	1288	-247	-14	-5376	5121	6653	157	61	-27960
1550492296.871532	1032	-247	-14	-4608	5377	4349	148	52	-26936
1550492296.882016	1288	-247	-7	-256	6401	7677	153	37	-25912
1550492296.892466	1032	-247	249	1024	4097	6653	148	50	-24888
1550492296.902892	520	-247	252	2048	4097	6141	160	47	-23864
1550492296.913316	-504	-248	248	3584	3073	6397	149	58	-22840
1550492296.923772	-248	-248	-19	-768	1793	4349	152	51	-21816
1550492296.934191	-504	-248	-24	-2560	769	4861	153	53	-20792
1550492296.944737	1032	-247	-25	-6400	257	6397	151	44	-19768
1550492296.955329	1288	-247	-23	-5633	-1279	6397	149	53	-18744
1550492296.965884	1800	-247	-23	-3073	-3071	6653	154	57	-17720
1550492296.976487	1544	-247	234	1791	-1023	7677	154	34	-16696
1550492296.986914	1288	-247	231	3071	-1023	6141	149	41	-15672
1550492296.997509	1288	-247	226	2816	1	5885	150	39	-14648
1550492297.008108	1544	-247	224	3071	-1023	7677	145	50	-13624
1550492297.018704	1288	-247	229	4607	-2047	5885	152	68	-12600
1550492297.029108	2056	-247	222	5631	-1023	4605	154	37	-11576
1550492297.303339	1544	-247	216	3328	1793	6909	151	37	-10552
1550492297.313852	2568	-247	-103	-3584	2561	9725	151	48	-9528
1550492297.324202	3336	-247	-125	-3840	6401	6653	156	32	-8504
1550492297.334439	2056	-247	205	4608	21249	7677	152	59	-7480
1550492297.344859	-248	8	47	10752	8193	9213	149	47	-6456
1550492297.355359	-2040	8	68	9215	-3327	9213	150	39	-5432
1550492297.365883	-2040	8	46	2303	-10495	6653	151	45	-4408
1550492297.37638	-1784	8	21	5375	-12287	6909	154	49	-3384
1550492297.386979	-3320	8	14	11263	-16895	7933	157	30	-2360
1550492297.397572	-1528	-248	188	8959	-9471	6397	147	46	-1336
1550492297.408132	264	-247	-85	-9216	8961	7677	152	53	-312
1550492297.418723	1800	-247	-43	-32512	-26623	7165	150	44	712
1550492297.429302	3848	-247	-2	-22528	17409	7933	153	48	1736
1550492297.439856	4360	9	-233	-16128	3585	5629	149	55	2760
1550492297.450461	4616	9	-197	-6401	-10495	8445	144	53	3784
1550492297.460938	3592	9	40	1023	-12543	6909	151	55	4808
1550492297.471651	3592	-247	219	13567	-8447	6141	146	41	5832
1550492297.482084	3080	-247	196	5376	5889	7421	150	54	6856
1550492297.492521	2824	-247	213	2816	9473	6653	145	55	7880
1550492297.503018	3592	9	-249	-512	4865	5373	140	52	8904
1550492297.513593	2568	9	-212	-2305	-255	6397	150	63	9928
1550492297.524132	2312	9	56	511	-511	7677	152	37	10952
1550492297.534562	2312	9	67	5120	257	7421	146	42	11976
1550492297.545046	2056	9	59	3840	513	8957	149	51	-4408
1550492297.555621	1800	9	-254	-6912	14593	6653	151	58	-3384
1550492297.566052	2056	9	-254	-2560	16897	5885	156	51	-2360
1550492297.576472	1288	9	28	1280	12801	5117	151	36	-1336
1550492297.587057	264	9	35	7936	7681	6397	150	45	-312
1550492297.597648	-248	8	25	11776	5889	4349	148	39	712
1550492297.728533	-504	8	5	10752	7425	6141	151	54	1736
1550492297.739066	1278	2120	2304	-261	6	9	5889	-26371	9728
1550492297.749696	1274	2118	2304	-259	-261	11	4353	-26627	10496
1550492297.760326	1269	2115	2305	0	-262	19	7169	-26371	12032
1550492297.770776	1267	2120	2305	-261	15	34	5121	-26627	12544
1550492297.781259	1274	2127	2304	-258	29	35	5377	-26627	15360
1550492297.791919	1278	2128	2302	9	23	23	6657	-26883	12800
1550492297.802384	1279	2123	2302	9	9	-260	4353	-25859	16640
1550492297.812802	1280	2113	2304	4	1	-267	5377	-26371	13312
1550492298.153308	1279	2108	2306	-284	-265	-274	2561	-24323	13312
1550492298.163737	1277	2110	2311	-319	-267	-275	6401	-26115	10752
1550492298.174156	1268	2113	2311	-327	-271	-272	6913	-26371	13056
1550492298.184576	1266	2109	2313	-320	8	4	6145	-26115	11776
1550492298.195002	1270	2115	2311	-315	17	4	7425	-26883	11776
1550492298.205467	1277	2117	2308	-291	31	15	6913	-27395	11520
1550492298.216019	1281	2112	2308	-269	19	10	6145	-25859	11776
1550492298.226602	1275	2110	2309	-268	11	2	6913	-27907	13824
1550492298.23711	1277	2111	2306	-261	5	9	5889	-25347	12032
1550492298.247683	1278	2107	2311	-262	11	9	6401	-26115	8704
1550492298.258283	1279	2113	2311	-262	-261	19	4609	-26883	12544
1550492298.26888	1272	2114	2310	-258	-267	24	6401	-26883	14080
1550492298.279486	1271	2117	2309	-261	-264	20	4865	-26371	14848
1550492298.290117	1272	2117	2309	-257	-257	15	5889	-26371	14592
1550492298.300733	1278	2115	2308	-263	4	6	5377	-26371	11520
1550492298.311163	1279	2112	2308	-268	0	1	6657	-26371	11776
1550492298.321636	1275	2110	2308	-282	-260	13	5633	-26627	9984
1550492298.332054	1274	2114	2311	-288	0	15	7169	-26115	10752
1550492298.342525	1276	2118	2312	-288	3	14	7425	-27139	13312
1550492298.352967	1277	2121	2314	-272	-260	11	6401	-26627	12288
1550492298.363391	1275	2117	2314	-261	4	2	6401	-26883	11008
1550492298.373849	1273	2113	2315	4	10	0	7425	-27139	11008
1550492298.38429	1272	2113	2313	10	17	3	8961	-26371	12544
1550492298.394721	1277	2113	2312	6	32	8	6145	-28163	12032
1550492298.405131	1278	2113	2309	4	29	5	5377	-25603	13568
1550492298.415636	1279	2113	2309	3	19	5	5121	-27139	14336
1550492298.426241	1276	2113	2308	-262	22	11	7425	-26883	9472
1550492298.436829	1284	2105	2310	-287	7	-259	6657	-25859	13056
1550492298.447318	1275	2109	2312	-291	-258	-261	3841	-25859	11776
1550492300.517117	1265	2108	2312	-297	2	12	7169	-27139	11264
1550492300.527543	-12033	3840	3840	285	-877	55	-14336	-7770	1276
1550492300.537932	-9729	7168	5632	285	-872	45	-14336	-7766	1274
1550492300.548419	-3585	5632	6656	287	-875	47	-14336	-7762	1272
1550492300.559017	-1025	5632	5632	285	-875	49	-14336	-7758	1275
1550492300.569606	768	7168	5120	284	-870	59	-14336	-7754	1272
1550492300.580097	1792	7936	5120	276	-871	49	-14336	-7750	1272
1550492300.590706	0	5632	4352	280	-876	56	-14336	-7746	1272
1550492300.601174	512	5120	6656	283	-868	32	-14336	-7742	1270
1550492300.611709	-257	5376	8192	277	-871	55	-14336	-7738	1272
1550492300.622199	768	6144	6656	282	-871	47	-14336	-7734	1276
1550492300.632629	1280	6144	5888	281	-872	42	-14336	-7730	1275
1550492300.643057	1280	3584	7168	281	-872	57	-14336	-7726	1274
1550492300.653501	-769	3072	6656	287	-868	45	-14336	-7722	1271
1550492300.664046	-257	1792	6144	278	-875	58	-14336	-7718	1273
1550492300.674591	1024	1792	6144	286	-869	42	-14336	-7714	1275
1550492300.685191	2560	768	3072	275	-874	53	-14336	-7710	1274
1550492300.695859	2560	-257	2560	284	-872	36	-14336	-7706	1272
1550492300.706281	256	1280	1280	281	-869	46	-14336	-7702	1270
1550492300.716874	256	1024	1280	282	-866	45	-14336	-7698	1272
1550492300.727443	-1281	3584	2304	281	-874	56	-14336	-7694	1273
1550492300.737996	-1793	4096	1536	284	-870	50	-14336	-7102	1285
1550492300.748488	19712	8448	-31233	279	-864	40	-14336	-7098	1289
1550492300.759018	16640	-7169	30207	281	-867	31	-14336	-7094	1279
1550492300.769605	15616	-17921	-29185	288	-871	28	-14336	-7090	1274
1550492300.780172	17664	-19969	-25345	283	-871	43	-14336	-7086	1264
1550492300.790699	19712	-19969	-17153	282	-865	58	-14336	-7082	1261
1550492300.801152	20992	-18689	-10241	284	-862	37	-14336	-7078	1248
1550492300.811653	23296	-16129	-1	280	-871	26	-14336	-7074	1249
1550492300.82215	24320	-17409	2048	288	-868	40	-14336	-7070	1270
1550492300.832577	25088	-14081	512	275	-870	39	-14336	-7066	1295
1550492300.842984	20736	-4353	-4609	281	-868	58	-14336	-7062	1302
1550492300.853426	5376	-4865	-3841	274	-868	50	-14336	-7058	1292
1550492300.86386	-5121	-6913	1024	284	-870	33	-14336	-7054	1276
1550492300.87427	-24577	-2561	14592	275	-869	42	-14336	-7050	1263
1550492300.884805	-29953	1792	21760	276	-867	44	-14336	-7046	1260
1550492300.895333	-32513	12800	-32256	282	-866	31	-14336	-7042	1248
1550492300.905934	-21505	23296	-32000	285	-873	42	-14336	-7038	1253
1550492300.91653	-14337	27136	30464	279	-867	47	-14336	-7034	1271
1550492300.927138	3584	24320	22016	282	-868	38	-14336	-7030	1277
1550492300.937732	8448	17152	18688	284	-865	42	-14336	-7026	1286
1550492300.948309	10752	-5121	14336	276	-865	42	-14336	-7022	1280
1550492300.958897	1280	-16641	11520	275	-865	46	-14336	-7018	1266
1550492300.969488	-5889	-13057	8960	266	-867	45	-14336	-7014	1262
1550492300.979913	-21761	-5121	5632	275	-869	39	-14336	-7010	1261
1550492300.990481	-28417	-3585	2816	282	-875	49	-14336	-7006	1275
1550492301.000927	-29185	2560	-2049	271	-869	50	-14336	-7002	1299
1550492301.011394	-17153	8448	-13057	282	-869	37	-14336	-6998	1299
1550492301.021926	-9985	3584	-22529	280	-867	36	-14336	-6994	1288
1550492301.032361	1280	-11521	-30209	281	-868	49	-14336	-6990	1255
1550492301.042791	13824	-2561	-20481	282	-871	42	-14336	-6986	1258
1550492301.053317	13568	7680	-13313	283	-872	53	-14336	-6982	1273
1550492301.063751	14848	12800	-257	280	-867	41	-14336	-6978	1262
1550492301.074185	14336	12544	5376	277	-868	35	-14336	-6974	1262
1550492301.084604	9984	9216	8960	280	-869	42	-14336	-6970	1261
1550492301.095006	-1537	13824	14592	279	-866	36	-14336	-6966	1272
1550492301.105531	-11009	17920	16128	286	-869	43	-14336	-6962	1283
1550492301.116113	-30721	18432	20224	282	-864	61	-14336	-6958	1270
1550492301.126679	29951	17152	21504	283	-866	36	-14336	-6954	1258
1550492301.137269	30975	13312	16640	287	-868	36	-14336	-6950	1261
1550492301.147731	-22529	14848	8192	292	-866	46	-14336	-6946	1275
1550492301.158234	-17921	14848	5632	289	-878	51	-14336	-6942	1280
1550492301.168837	-10753	7168	6144	285	-861	44	-14336	-6938	1278
1550492301.179404	-5633	-1793	14336	279	-870	37	-14336	-6934	1270
1550492301.190028	-513	-4353	16896	291	-871	29	-14336	-6930	1264
1550492301.200662	6144	-2305	18176	290	-871	44	-14336	-6926	1262
1550492301.211073	7424	-1281	18944	284	-866	54	-14336	-6922	1265
1550492301.221607	4864	2816	22272	285	-866	50	-14336	-6918	1275
1550492301.232061	-2049	3584	22784	277	-864	28	-14336	-6914	1276
1550492301.242517	-4353	1536	21248	279	-864	48	-14336	-6910	1272
1550492301.252953	-6145	256	13824	286	-870	44	-14336	-6906	1268
1550492301.263441	-5377	-257	9472	286	-869	47	-14336	-6902	1267
1550492301.274009	-5121	3072	1792	279	-869	40	-14336	-6898	1267
1550492301.284527	-8449	5120	1280	275	-865	42	-14336	-6894	1267
1550492301.295115	-10241	7680	1792	278	-871	32	-14336	-6890	1272
1550492301.305729	-10753	10240	3328	281	-870	30	-14336	-6886	1277
1550492301.316261	-7425	8960	1536	284	-872	43	-14336	-6882	1274
1550492301.326831	-5121	7424	-1281	269	-868	61	-14336	-6878	1264
1550492301.337474	-3585	4096	-2049	275	-872	39	-14336	-6874	1260
1550492301.347911	-3841	5376	-1281	280	-868	25	-14336	-6870	1268
1550492301.358358	-4353	10496	-513	290	-864	36	-14336	-6866	1275
1550492301.368914	2816	9472	3328	280	-870	35	-14336	-6862	1275
1550492301.379354	5888	7168	2304	280	-866	52	-14336	-6858	1265
1550492301.389957	8960	2816	-1537	275	-868	43	-14336	-6854	1268
1550492301.400412	8448	3328	-2049	288	-867	28	-14336	-6850	1268
1550492301.41088	4352	4864	-2561	280	-865	37	-14336	-6846	1267
1550492301.421366	-2305	2816	-1281	283	-867	37	-14336	-6842	1266
1550492301.431878	-3841	3840	-1025	282	-867	54	-14336	-6838	1266
1550492301.442351	-3841	4608	0	282	-867	41	-14336	-6834	1267
1550492301.452812	-5377	3584	256	285	-862	42	-14336	-6830	1269
1550492301.46326	-4865	3328	2816	286	-869	32	-14336	-6826	1267
1550492301.473656	-4609	2048	4608	286	-866	41	-14336	-6822	1268
1550492301.484076	-3841	3072	4352	280	-865	39	-14336	-6818	1269
1550492301.494507	-769	3328	3328	282	-862	40	-14336	-6814	1269
1550492301.505064	-3329	512	2304	271	-863	39	-14336	-6810	1268
1550492301.515637	-5121	-257	2816	283	-863	21	-14336	-6806	1267
1550492301.52613	-6913	-769	4352	285	-871	40	-14336	-6802	1267
1550492301.536734	-7425	-1025	4352	285	-867	37	-14336	-6798	1270
1550492301.547347	-6401	0	1280	284	-864	35	-14336	-6794	1266
1550492301.557783	-8193	1024	256	281	-866	29	-14336	-6790	1264
1550492301.568339	-9729	2560	768	285	-870	32	-14336	-6786	1269
1550492301.578856	-11265	5376	3584	285	-870	32	-14336	-6782	1268
1550492301.589502	-11521	6144	4096	284	-867	55	-14336	-6778	1269
1550492301.600123	-7681	4352	2560	285	-864	33	-14336	-6774	1271
1550492301.61077	-3841	3840	1280	285	-864	33	-14336	-6770	1269
1550492301.621226	-3585	3328	512	289	-866	35	-14336	-6766	1268
1550492301.631703	-5377	4352	2048	286	-869	33	-14336	-6762	1264
1550492301.642125	-5633	4864	3584	284	-865	47	-14336	-6758	1267
1550492301.652551	-7681	4864	1280	281	-869	39	-14336	-6754	1267
1550492301.662973	-9729	3328	-2305	295	-866	27	-14336	-6750	1261
1550492301.673426	-9985	3840	-257	288	-866	35	-14336	-6746	1265
1550492301.683931	-13313	8704	2560	290	-864	36	-14336	-6742	1269
1550492301.694504	-9473	9728	4096	285	-865	45	-14336	-6738	1270
1550492301.705059	-5633	7424	5120	288	-868	44	-14336	-6734	1268
1550492301.715656	-3073	5376	0	280	-868	39	-14336	-6730	1263
1550492301.726256	-2305	5632	-769	295	-864	32	-14336	-6726	1268
1550492301.736824	-2817	5888	-1025	292	-867	41	-14336	-6722	1271
1550492301.747394	-3073	4864	256	285	-866	34	-14336	-6718	1267
1550492301.758016	-2049	3072	2048	289	-860	39	-14336	-6714	1266
1550492301.768597	3072	1536	5120	281	-864	33	-14336	-6710	1264
1550492301.778999	8192	3072	3840	288	-871	35	-14336	-6706	1261
1550492301.789443	11520	3840	2048	283	-869	59	-14336	-6702	1274
1550492301.799866	22272	3328	-1	292	-863	48	-14336	-6698	1269
1550492301.810312	-18688	1792	-3329	281	-860	29	-14336	-6694	1267
1550492301.820787	4610	-513	-31745	277	-862	32	-14336	-6690	1290
1550492301.831222	31747	-6145	20991	276	-855	41	-14336	-6686	1296
1550492301.841655	22788	-17409	17919	256	-861	30	-14336	-6682	1287
1550492301.852086	-11003	28927	-2050	-17	-854	46	-14336	-6678	1289
1550492301.862559	31750	21503	-10754	-21	-848	20	-14336	-6674	1298
1550492301.873029	-19449	6143	-26626	-41	-838	27	-14336	-6670	1296
1550492301.883581	-17144	-11010	17662	-64	-830	37	-14336	-6666	1292
1550492301.894106	5385	-18690	9214	-81	-823	36	-14336	-6662	1288
1550492301.904634	-18935	-23554	9214	-100	-798	24	-14336	-6658	1290
1550492301.915265	1802	-25602	14846	-117	-789	40	-14336	-6654	1294
1550492301.92584	-20982	-28162	18430	114	-512	35	-14336	-6650	1290
1550492301.936399	25611	32766	20990	92	-487	22	-14336	-6646	1306
1550492301.946969	-21749	31486	21246	77	-471	30	-14336	-6642	1308
1550492301.957426	-14581	18174	4606	66	-444	26	-14336	-6638	1254
1550492301.967922	31243	15870	-3587	43	-409	36	-14336	-6634	1234
1550492301.978446	21258	31742	-515	30	-390	29	-14336	-6630	1214
1550492301.989043	19462	24063	-19714	41	-626	6	-14336	-6626	1223
1550492301.999625	4612	-11265	22015	42	-619	2	-14336	-6622	1258
1550492302.010089	2305	20224	5632	29	-608	21	-14336	-6618	1273
1550492302.020693	-15105	13824	-9985	37	-610	3	-14336	-6614	1262
1550492302.031156	30975	4352	-18945	41	-611	5	-14336	-6610	1266
1550492302.041474	15615	13056	-14337	30	-610	21	-14336	-6606	1276
1550492302.051712	10495	14336	-8449	34	-611	6	-14336	-6602	1256
1550492302.061973	27135	11776	5888	45	-618	14	-14336	-6598	1283
1550492302.072266	23039	-513	7168	35	-611	1	-14336	-6594	1235
1550492302.082598	27647	-4865	5376	39	-621	-258	-14336	-6590	1280
1550492302.093018	27647	6912	9216	46	-620	14	-14336	-6586	1251
1550492302.103472	-29441	6912	6144	36	-614	-257	-14336	-6582	1274
1550492302.113903	-27137	10496	-769	46	-625	7	-14336	-6578	1264
1550492302.124462	-16897	5120	0	41	-625	15	-14336	-6574	1266
1550492302.135028	-19969	7936	-2817	36	-625	5	-14336	-6570	1273
1550492302.145481	-26369	7680	512	45	-620	15	-14336	-6566	1253
1550492302.155999	-23553	11776	2304	34	-620	9	-14336	-6562	1277
1550492302.166429	-22273	15360	1024	46	-621	0	-14336	-6558	1252
1550492302.176996	-18177	9216	2816	36	-628	20	-14336	-6554	1270
1550492302.18758	-23041	14080	3072	38	-623	14	-14336	-6550	1268
1550492302.198176	-28417	11776	6400	48	-623	0	-14336	-6546	1272
1550492302.208595	-27137	10496	2048	41	-628	10	-14336	-6542	1270
1550492302.219196	-16641	7936	5120	41	-625	13	-14336	-6538	1257
1550492302.229657	-11009	5888	3328	45	-626	0	-14336	-6534	1271
1550492302.24011	-20993	6400	5632	37	-623	13	-14336	-6530	1272
1550492302.250695	-21505	5376	7424	41	-622	3	-14336	-6526	1262
1550492302.261157	-23041	2304	-257	34	-631	16	-14336	-6522	1255
1550492302.271646	-20993	5120	-3585	43	-628	14	-14336	-6518	1283
1550492302.282083	25343	11776	1024	34	-627	11	-14336	-6514	1262
1550492302.292547	19967	3328	17152	40	-633	25	-14336	-6510	1249
1550492302.303018	18687	4864	12032	41	-632	1	-14336	-6506	1248
1550492302.313506	-2	11008	256	47	-636	5	-14336	-6502	1218
1550492302.323964	-30466	16640	-6401	52	-637	12	-14336	-6498	1224
1550492302.334386	-29444	-17152	1792	48	-640	3	-14336	-6494	1240
1550492302.344793	30457	16641	-13824	56	-403	21	-14336	-6490	1246
1550492302.355246	-8713	-31999	18433	54	-417	31	-14336	-6486	1254
1550492302.365855	20981	-767	7170	68	-429	12	-14336	-6482	1285
1550492302.376259	-27916	10242	27650	84	-458	7	-14336	-6478	1279
1550492302.386696	-17677	16898	30210	103	-481	30	-14336	-6474	1267
1550492302.39714	18163	19458	7938	118	-504	13	-14336	-6470	1291
1550492302.407758	19955	24578	1538	-109	-781	8	-14336	-6466	1291
1550492302.418362	-29197	17154	-15871	-93	-797	19	-14336	-6462	1266
1550492302.428967	29428	5634	-26367	-64	-812	10	-14336	-6458	1252
1550492302.439567	1525	6146	29697	-34	-828	35	-14336	-6454	1271
1550492302.450004	1014	4098	11265	-7	-824	5	-14336	-6450	1328
1550492302.460445	-17674	-3839	7937	266	-843	20	-14336	-6446	1313
1550492302.4709	-13320	4865	-8704	289	-839	4	-14336	-6442	1282
1550492302.481333	15611	20224	24064	313	-841	3	-14336	-6438	1248
1550492302.491795	18172	9472	12800	327	-846	-260	-14336	-6434	1242
1550492302.502265	3070	4352	10240	333	-848	-258	-14336	-6430	1252
1550492302.512758	-13826	3840	13568	330	-841	7	-14336	-6426	1250
1550492302.5232	-10497	-3073	16384	327	-844	1	-14336	-6422	1245
1550492302.533626	-28928	-8193	22528	331	-846	-261	-14336	-6418	1250
1550492302.544058	-15104	-12033	23296	325	-850	-262	-14336	-6414	1251
1550492302.554485	-15616	-17409	20736	323	-854	6	-14336	-6410	1261
1550492302.564935	-21248	-28161	18432	320	-848	1	-14336	-6406	1259
1550492302.575531	-24064	30719	16128	320	-845	-258	-14336	-6402	1242
1550492302.586059	-29952	26623	10240	314	-853	-263	-14336	-6398	1239
1550492302.596829	-28160	30463	6912	320	-850	10	-14336	-6394	1254
1550492302.607274	-19456	-24833	-1793	314	-854	14	-14336	-6390	1255
1550492302.617878	-25344	-21761	-5377	307	-852	7	-14336	-6386	1246
1550492302.628326	-29184	-18177	-3329	300	-849	9	-14336	-6382	1250
1550492302.638802	-29440	-5633	-1537	308	-862	25	-14336	-6378	1257
1550492302.649254	-29440	-3585	-3329	307	-855	13	-14336	-6374	1250
1550492302.659974	-31488	-3073	-4097	301	-850	29	-14336	-6370	1255
1550492302.670554	30208	0	-1537	296	-851	18	-14336	-6366	1266
1550492302.680938	27904	-1	0	291	-852	12	-14336	-6362	1265
1550492302.691349	23040	-7681	3840	298	-850	18	-14336	-6358	1256
1550492302.701768	21248	-12033	4352	301	-855	18	-14336	-6354	1254
1550492302.712131	20480	-12289	-1	296	-847	14	-14336	-6350	1251
1550492302.722544	17920	-11777	-5377	297	-849	-257	-14336	-6346	1254
1550492302.73301	16640	-9217	-6145	291	-852	18	-14336	-6342	1253
1550492302.743397	8960	-5889	-6401	294	-851	23	-14336	-6338	1250
1550492302.753798	6144	-1793	-1025	290	-856	8	-14336	-6334	1255
1550492302.764226	6400	-1	1792	299	-852	24	-14336	-6330	1258
1550492302.774818	5120	-1793	1536	290	-849	14	-14336	-6326	1249
1550492302.785418	1536	-2049	1536	286	-855	6	-14336	-6322	1247
1550492302.795941	1024	512	3072	292	-853	13	-14336	-6318	1260
1550492302.806431	1280	3072	256	294	-857	16	-14336	-6314	1262
1550492302.816863	2560	768	1536	303	-855	18	-14336	-6310	1256
1550492302.827457	4096	-3585	4608	290	-855	34	-14336	-6306	1250
1550492302.838051	7680	-2561	4864	289	-861	19	-14336	-6302	1257
1550492302.848487	10240	-257	3584	292	-852	13	-14336	-6298	1257
1550492302.859083	11264	1024	-1	298	-852	20	-14336	-6294	1253
1550492302.869653	12800	2560	-1281	290	-852	19	-14336	-6290	1260
1550492302.880249	14336	1792	-1025	287	-848	21	-14336	-6286	1256
1550492302.890942	10240	-513	1536	282	-852	21	-14336	-6282	1257
1550492302.901432	8192	256	2560	298	-849	28	-14336	-6278	1261
1550492302.91195	6400	-1537	4864	285	-857	27	-14336	-6274	1260
1550492302.922391	5888	-2049	4352	277	-850	25	-14336	-6270	1257
1550492302.932819	2304	-5633	2304	293	-856	19	-14336	-6266	1253
1550492302.943219	-257	-1793	3072	292	-854	21	-14336	-6262	1249
1550492302.953753	-513	256	3072	285	-847	16	-14336	-6258	1260
1550492302.964185	512	4608	3840	285	-850	22	-14336	-6254	1260
1550492302.974733	512	3328	5888	288	-850	9	-14336	-6250	1254
1550492302.985316	-1537	2048	8192	288	-852	19	-14336	-6246	1259
1550492302.995905	-1281	3584	8448	293	-857	20	-14336	-6242	1261
1550492303.006447	-1281	1280	7424	284	-854	29	-14336	-6238	1256
1550492303.017014	-3073	-2305	5376	285	-849	12	-14336	-6234	1256
1550492303.027592	-1025	-513	5888	281	-854	27	-14336	-6230	1263
1550492303.038223	1024	-513	5888	287	-850	17	-14336	-6226	1262
1550492303.048832	2560	-3329	3840	285	-854	21	-14336	-6222	1261
1550492303.059424	768	-3329	-257	280	-854	29	-14336	-6218	1261
1550492303.070022	-257	-4865	-2049	279	-856	27	-14336	-6214	1256
1550492303.080567	-1281	-3841	1536	289	-850	10	-14336	-6210	1258
1550492303.091047	-2049	-1793	2816	287	-852	15	-14336	-6206	1261
1550492303.101498	1792	-1281	3840	291	-853	28	-14336	-6202	1258
1550492303.111888	1536	-1793	3584	290	-860	31	-14336	-6198	1255
1550492303.122435	2304	-1793	0	282	-855	25	-14336	-6194	1255
1550492303.132887	2560	-1	512	288	-848	20	-14336	-6190	1258
1550492303.143348	1024	1792	1536	284	-852	23	-14336	-6186	1260
1550492303.15379	-1281	1536	3072	281	-854	28	-14336	-6182	1252
1550492303.164218	-1537	1792	4608	290	-850	20	-14336	-6178	1251
1550492303.174797	-2817	4096	5376	285	-853	24	-14336	-6174	1260
1550492303.185414	-3329	6400	5120	277	-853	22	-14336	-6170	1261
1550492303.196005	-4609	5376	5632	277	-853	22	-14336	-6166	1257
1550492303.206557	-6401	2560	7168	294	-849	6	-14336	-6162	1257
1550492303.217163	-4353	1792	7936	286	-848	20	-14336	-6158	1257
1550492303.227829	-4609	2560	5888	286	-848	20	-14336	-6154	1259
1550492303.238427	-5377	1280	3328	293	-852	4	-14336	-6150	1260
1550492303.248997	-6913	1024	2816	285	-849	21	-14336	-6146	1259
1550492303.259438	-9985	256	1792	285	-849	21	-14336	-6142	1259
1550492303.269829	-9217	1024	3328	287	-856	28	-14336	-6138	1259
1550492303.280484	-6657	256	3584	286	-853	17	-14336	-6134	1258
1550492303.29094	-3841	-2049	2304	294	-855	10	-14336	-6130	1261
1550492303.301474	-1793	-3073	2048	291	-855	17	-14336	-6126	1262
1550492303.311905	-1793	-2817	1536	284	-855	12	-14336	-6122	1261
1550492303.322355	-2305	-2817	256	289	-856	28	-14336	-6118	1256
1550492303.33299	-2561	-2305	768	284	-856	27	-14336	-6114	1259
1550492303.343451	-2049	-257	1792	289	-853	11	-14336	-6110	1263
1550492303.353956	-2561	-1793	768	286	-858	21	-14336	-6106	1260
1550492303.36452	-2561	-2305	256	283	-856	27	-14336	-6102	1257
1550492303.374955	-2817	-1281	1792	289	-850	6	-14336	-6098	1257
1550492303.385509	-3073	768	2048	294	-855	21	-14336	-6094	1261
1550492303.396017	-1281	3328	3840	287	-857	20	-14336	-6090	1264
1550492303.406525	-257	-1	256	288	-850	28	-14336	-6086	1257
1550492303.417102	0	-1793	-1281	283	-857	27	-14336	-6082	1250
1550492303.42971	-513	1792	0	286	-855	37	-14336	-6078	1260
1550492303.472164	1261	2135	2252	-276	28	14	8705	-21763	7424
1550492303.490786	1260	2134	2249	-268	25	18	7425	-21507	4864
1550492303.501225	1259	2137	2250	-263	22	15	6401	-21251	6656
1550492303.514647	1259	2133	2248	0	19	7	8193	-21763	5888
1550492303.557206	1260	2127	2248	-267	16	5	8705	-21507	1792
1550492303.673397	1256	2127	2248	-274	10	4	10241	-21507	1280
1550492303.683907	1258	2132	2248	-279	6	23	7681	-21251	4864
1550492303.694347	1260	2135	2247	-275	5	31	7169	-22787	4608
1550492303.729745	1259	2138	2247	-264	2	27	8449	-22787	6912
1550492303.835883	1262	2135	2249	3	-259	12	7937	-21251	5888
1550492303.846348	1264	2100	2246	-267	-262	3	8193	-21507	3328
1550492303.856798	1258	2082	2249	-166	-269	18	7169	-22787	8960
1550492303.867399	1266	2069	2256	-535	-271	44	9473	-21763	4352
1550492303.888573	1264	2012	2260	-822	-275	75	12801	-22275	3840
1550492303.899012	1260	1996	2278	-1334	-259	-87	11777	-22787	6144
1550492303.909606	1255	1977	2299	-1603	16	-17	13569	-23555	3584
1550492303.920038	1246	2026	2321	-2157	95	297	22529	-23299	2304
1550492303.965799	1261	2048	2331	-2256	-87	295	29185	-25603	5632
1550492303.97622	1274	2084	2335	-2612	-70	296	32257	-25603	5888
1550492304.015901	1267	2082	2333	-2438	-76	299	-21503	-23555	-1
1550492304.05334	1271	2107	2334	-2448	-66	311	-16895	-23811	3328
1550492304.080893	1277	2086	2328	-2617	-77	311	-10751	-22275	-1
1550492304.114545	1279	2091	2324	-2299	-94	312	258	-20227	-3073
1550492304.144043	1287	2068	2320	-2254	-127	319	1538	-17667	2048
1550492304.173329	1275	2064	2316	-2188	75	354	9474	-14851	-4609
1550492304.20462	1240	2057	2317	-2403	68	374	16386	-11523	-6145
1550492304.234723	1244	2106	2311	-2022	-127	213	18178	-8707	-3073
1550492304.276008	1268	2113	2290	-1761	-94	533	20226	-7171	-2561
1550492304.290835	1236	2171	2279	-1886	-63	199	25602	-4611	-2561
1550492304.352065	1261	2221	2246	-1385	-34	270	27650	-771	-5121
1550492304.36249	1248	2175	2212	-494	122	104	31746	1790	-11777
1550492304.391995	1261	2105	2204	-249	85	42	32514	1790	-8449
1550492304.422059	1248	2052	2220	-275	14	-270	30466	2558	-9729
1550492304.467026	1249	2043	2229	22	4	-261	30210	2302	-9729
1550492304.485931	1246	2024	2230	80	4	28	29954	1278	-6145
1550492304.508348	1250	2048	2234	75	43	64	29954	2558	-12289
1550492304.547179	1257	2059	2228	84	23	46	31234	510	-9985
1550492304.577241	1228	2033	2223	118	-274	12	30722	1278	-6401
1550492304.617219	1274	2037	2236	102	21	35	30722	3326	-11777
1550492304.643182	1240	2007	2236	79	-288	92	30978	766	-9729
1550492304.674761	1234	2066	2238	42	22	109	28674	1534	-9473
1550492304.695818	1261	2058	2223	87	5	54	27906	766	-11265
1550492304.742108	1223	2045	2234	105	0	-284	29698	254	-8961
1550492304.757102	1249	2047	2241	108	21	-271	27650	1534	-6401
1550492304.797173	1243	2077	2232	108	22	-265	29186	1534	-10753
1550492304.832129	1252	2096	2227	-29	20	-320	28674	-515	-6401
1550492304.862218	1249	2096	2230	319	8	-361	25858	-3	-7937
1550492304.891899	1221	2142	2241	567	11	-357	26882	-259	-11521
1550492304.92476	1231	2207	2260	1048	68	-331	24578	-2051	-7937
1550492304.947246	1290	2268	2269	1383	68	-369	20994	-4611	-9729
1550492304.989797	1288	2194	2274	2072	-295	-389	19458	-7427	-10241
1550492305.01982	1276	2155	2286	2018	-333	-511	13314	-8707	-5889
1550492305.049734	1283	2133	2306	2302	-361	-670	7170	-12035	-6657
1550492305.080944	1288	2102	2322	2524	-151	-759	3842	-15619	-6401
1550492305.110905	1267	2091	2333	2855	-156	-1031	-4607	-17667	-1281
1550492305.150809	1296	2052	2335	2697	-135	-762	-12543	-19971	-3073
1550492305.173291	1272	2049	2328	2700	-151	-747	-19711	-22531	-2305
1550492305.239702	1269	2030	2342	2726	-375	-695	-26879	-23555	-513
1550492305.250178	1291	1971	2343	2895	-186	-842	30465	-20995	0
1550492306.415971	1263	1999	2325	2522	-215	-477	24065	-23555	2816
1550492306.525962	1235	1982	2319	2598	-159	-237	15105	-22275	2816
1550492306.788479	1241	1969	2318	2335	-336	-342	7937	-19203	4864
1550492307.540911	1260	1940	2302	2131	-342	-283	2305	-18947	4608
1550492307.708563	1263	1949	2271	1547	-361	87	-5120	-16387	5120
1550492308.322089	1263	1993	2258	985	-361	-108	-7168	-14083	1024
1550492308.407243	1265	2020	2261	479	-367	-28	-12544	-14851	7936
1550492308.472059	1232	2079	2262	346	-352	-64	-12800	-12547	4608
1550492308.68715	1238	2112	2260	-56	-314	-91	-14592	-12547	4096
1550492314.495847	1260	2121	2266	-288	23	90	-15616	-13571	7424
1550492314.506293	-8727	24580	-11000	2047	7424	13824	25	-574	200
1550492314.516614	-2071	25348	-11512	2046	-2560	25600	27	-569	198
1550492314.52701	-279	27396	-12792	2046	-3328	20480	47	-562	194
1550492314.537319	-3863	27140	-13560	2047	1280	7680	70	-555	199
1550492314.54782	-6423	26116	-13816	2047	2816	10752	57	-562	200
1550492314.558412	-4887	26372	-12792	2047	768	13056	53	-555	199
1550492314.569009	-3863	27396	-12536	2046	-1536	9472	57	-558	189
1550492314.579611	-5911	28676	-13304	2047	0	7680	59	-549	192
1550492314.590117	-4887	28164	-13304	2047	5120	12800	40	-556	195
1550492314.600682	-1047	28164	-13816	2047	8704	11008	12	-545	189
1550492314.611279	-4375	27652	-13560	2047	11264	8448	0	-549	183
1550492314.621716	-6423	25348	-13304	2047	17920	10751	239	-540	189
1550492314.632198	-4887	23556	-13560	2047	19712	13055	235	-542	183
1550492314.64262	-4887	23556	-13816	2047	22272	13823	246	-535	193
1550492314.653057	-4119	22020	-13816	2047	28672	12288	16	-531	189
1550492314.663565	-3607	22020	-14584	2047	31488	10240	32	-534	186
1550492314.674125	-4375	22020	-14840	2047	-29440	6912	46	-529	187
1550492314.684691	-4375	23300	-14072	2047	-25600	2304	47	-536	186
1550492314.695245	-4375	24836	-13816	2047	-22529	-512	46	-533	186
1550492314.705713	-6423	25604	-13560	2047	-12801	-4352	33	-532	190
1550492314.716155	-6679	22532	-12792	2047	-8193	-4608	22	-529	177
1550492314.726585	-3095	20740	-12792	2047	-11777	-5377	252	-534	184
1550492314.737017	-5399	21508	-13048	2047	-17921	-8449	254	-527	182
1550492314.747571	-7191	21252	-13048	2047	-19969	-5377	252	-537	181
1550492314.758024	-5399	22532	-12280	2047	-22272	1791	253	-535	187
1550492314.768615	-4119	21508	-12536	2047	-19200	2560	2	-532	187
1550492314.779196	-4887	20484	-12536	2047	-17664	1536	17	-529	186
1550492314.789753	-6935	19972	-12536	2047	-20224	3840	14	-527	180
1550492314.800362	-6935	19716	-12024	2047	-20992	7168	18	-524	183
1550492314.810917	-4631	19460	-12536	2047	-25088	10752	24	-524	184
1550492314.821543	-3863	21252	-13048	2047	-27136	7168	35	-521	183
1550492314.832161	-5911	22020	-13304	2047	-27392	6656	29	-528	181
1550492318.783321	-5399	21508	-14072	2047	-26112	7168	15	-527	181
1550492318.793699	1262	2133	2251	-358	26	14	-3584	-19203	8448
1550492318.803922	1263	2133	2251	-350	15	10	-2560	-19459	8960
1550492318.814137	1260	2134	2252	-340	5	8	-1792	-18947	6656
1550492318.824338	1258	2130	2253	-328	-258	2	-1536	-19715	4096
1550492318.834547	1258	2126	2254	-328	4	1	1	-18947	6400
1550492318.844958	1263	2125	2255	-332	1	3	-2304	-20227	5632
1550492318.855388	1261	2127	2256	-342	-266	6	1025	-17923	9216
1550492318.865691	1260	2128	2257	-344	-272	-257	-1536	-20483	7936
1550492318.87611	1261	2124	2260	-335	-268	-258	-512	-19203	4096
1550492318.886532	1259	2121	2261	-337	-269	2	1025	-20483	5120
1550492318.896948	1259	2124	2261	-336	-265	6	513	-20227	7424
1550492318.907359	1261	2126	2260	-328	-263	12	1	-20995	11264
1550492318.917825	1262	2122	2262	-315	-261	12	-2048	-19971	7680
1550492318.928412	1263	2120	2263	-305	-262	15	-1792	-20739	7168
1550492318.938948	1259	2122	2266	-304	-263	22	2305	-19459	2816
1550492318.949549	1261	2125	2267	-300	-257	26	1537	-21763	8704
1550492318.960144	1261	2126	2266	-293	0	22	257	-19715	7424
1550492318.970743	1261	2125	2266	-277	15	9	2817	-18947	3840
1550492318.981305	1263	2121	2270	-270	15	4	513	-20483	4352
1550492318.991917	1256	2117	2266	-267	6	1	-256	-19715	8192
1550492319.002358	1252	2114	2265	-275	28	6	2049	-20995	6656
1550492319.012806	1260	2116	2261	-277	39	8	1281	-21507	8704
1550492319.023206	1266	2118	2260	-285	46	21	513	-19971	6144
1550492319.033655	1259	2121	2260	-278	39	30	-1024	-20483	5376
1550492319.044093	1255	2121	2259	-281	39	29	1	-21251	4864
1550492319.054579	1260	2120	2257	-286	42	18	513	-20739	3840
1550492319.065175	1263	2118	2256	-287	37	15	1537	-19715	6912
1550492319.075648	1262	2119	2254	-296	28	7	513	-20483	5888
1550492319.086055	1258	2121	2254	-295	25	15	1281	-19971	3584
1550492319.09657	1257	2121	2254	-292	26	12	513	-20227	4096
1550492319.107119	1259	2121	2253	-296	17	28	2305	-19971	6144
1550492319.117697	1258	2122	2252	-297	15	31	1025	-20227	5632
1550492319.128282	1260	2124	2252	-301	13	28	3585	-19971	4864
1550492319.138877	1263	2125	2251	-300	5	24	257	-21507	7424
1550492319.149506	1259	2129	2253	-298	0	17	3073	-20483	3840
1550492319.160094	1259	2131	2252	-288	-262	9	2561	-20739	5632
1550492319.184871	1262	2129	2253	-278	-262	10	2561	-20739	5632
1550492319.195451	1259	2125	2255	-266	-272	5	257	-19971	7168
1550492319.205893	1257	2124	2254	-267	-268	0	769	-21251	8448
1550492319.216388	1261	2121	2255	-269	-265	-257	769	-21251	8448
1550492319.226925	1258	2118	2256	-277	-262	-262	3585	-20739	5632
1550492319.237352	1258	2119	2257	-283	-267	-257	3073	-20483	7936
1550492319.247972	1261	2118	2259	-281	-267	0	3073	-20483	7936
1550492319.258583	1259	2119	2261	-276	-275	-259	1281	-19971	7680
1550492319.269226	1259	2115	2263	-273	-277	0	2049	-19459	6912
1550492319.279636	1262	2113	2262	-268	-278	10	2817	-20739	5888
1550492319.290228	1265	2111	2266	-267	-273	16	2305	-21763	8448
1550492319.300825	1259	2108	2270	-273	-276	11	1793	-20739	9984
1550492319.311421	1257	2104	2269	-289	-279	6	513	-20483	7936
1550492319.321855	1251	2101	2269	-296	-269	3	2305	-21763	4864
1550492319.332282	1252	2096	2266	-312	12	3	2305	-21251	7168
1550492319.342706	1256	2097	2268	-322	19	24	3585	-20995	7936
1550492319.353148	1263	2089	2267	-325	17	34	5121	-20227	6656
1550492319.36364	1264	2090	2269	-339	2	36	2561	-20227	2816
1550492319.374106	1266	2087	2270	-345	-258	39	2305	-22275	8704
1550492319.384526	1262	2083	2274	-347	-263	32	3073	-22787	8704
1550492319.394952	1266	2078	2280	-360	-278	21	3841	-22787	5120
1550492319.405329	1260	2074	2285	-364	-289	19	4097	-22019	6144
1550492319.415807	1239	2081	2297	-353	-279	36	5377	-22275	9472
1550492319.426322	1229	2103	2302	-289	6	45	4609	-22275	11264
1550492319.436831	1232	2124	2304	37	25	45	3585	-23299	9472
1550492319.447394	1267	2152	2291	-38	44	54	3585	-20483	7680
1550492319.457987	1284	2199	2265	339	65	65	3841	-19971	3328
1550492319.468584	1325	2228	2232	384	-82	86	2305	-21251	9472
1550492319.479137	1321	2284	2218	684	294	24	-3328	-18435	6656
1550492319.489746	1243	2377	2227	1130	315	40	-5120	-16899	6656
1550492319.500354	1188	2419	2208	1617	322	-101	-9216	-14339	4864
1550492319.510958	1206	2391	2190	1833	357	121	-15360	-11011	256
1550492319.521446	1251	2375	2191	2116	139	-155	-19456	-8451	4352
1550492319.532067	1259	2380	2202	2407	131	-539	-24320	-2307	2048
1550492319.542512	1288	2366	2214	2593	370	-255	-30720	5374	-3841
1550492319.552921	1323	2326	2231	2713	285	-377	32512	8702	-2049
1550492319.563286	1291	2289	2254	2982	-117	-327	25600	14846	-1281
1550492319.573658	1313	2248	2256	3069	71	-302	19712	26878	-3329
1550492319.584011	1279	2194	2262	3451	19	-381	18688	32766	-1281
1550492319.594332	1324	2122	2248	3228	-259	-183	14848	-24834	-5633
1550492319.604537	1256	2029	2250	3212	-329	-409	15104	-12802	-7169
1550492319.614841	1216	1937	2229	3030	-365	-828	16384	-6402	-4865
1550492319.625302	1235	1867	2179	3149	-348	-851	15616	-2	-8449
1550492319.635726	1183	1912	2157	2904	6	-452	20736	9983	-11777
1550492319.646141	1163	1912	2132	2864	35	-535	22784	14847	-8705
1550492319.656724	1153	1899	2098	2487	75	-376	25088	22015	-11265
1550492319.667154	1193	1896	2068	2247	82	-344	28928	29695	-13825
1550492319.677749	1218	1935	2054	2383	26	-278	32512	-31489	-9217
1550492319.688171	1228	1943	2061	1955	-129	-69	-28416	-27649	-14081
1550492319.698766	1247	1954	2075	1728	-524	288	-23296	-23553	-14337
1550492319.709202	1239	1979	2093	1862	-581	286	-24064	-20481	-12289
1550492319.719669	1225	1988	2108	1412	-610	280	-19200	-19713	-15105
1550492319.730155	1235	1979	2113	1593	-585	271	-18176	-16641	-12545
1550492319.740585	1232	1963	2110	1180	-532	-4	-15104	-14337	-16129
1550492319.751147	1209	1947	2102	1293	-208	-37	-11776	-14337	-16129
1550492319.76173	1209	1944	2098	982	-186	-36	-9984	-12545	-12033
1550492319.772321	1208	1949	2090	902	-157	-13	-9472	-10497	-14593
1550492319.782758	1209	1965	2090	1127	-148	264	-5632	-10497	-14337
1550492319.79318	1222	1992	2095	1071	-167	318	-4864	-8705	-11265
1550492319.803633	1256	2001	2094	745	-240	374	-3584	-7169	-15617
1550492319.814142	1275	2008	2095	687	-528	382	-2304	-8705	-12801
1550492319.824564	1298	2027	2090	775	-571	340	-3584	-7681	-13057
1550492319.835077	1142	2133	2151	620	-563	345	257	-6657	-17665
1550492319.845638	1120	2141	2150	563	-586	301	513	-8449	-13569
1550492319.856228	1119	2234	2114	228	-545	297	-256	-7681	-14081
1550492319.866814	1174	2234	2023	529	-222	286	1025	-9217	-14849
1550492319.87743	1289	2203	1931	522	-314	-105	2305	-7937	-13825
1550492319.88781	1206	2283	1944	205	43	-292	1281	-8193	-11777
1550492319.898431	1227	2269	1965	251	34	-303	5121	-6913	-17409
1550492319.909028	1246	2235	1964	556	-280	-368	4865	-5889	-14337
1550492319.91948	1290	2197	1951	554	-287	-171	6913	-5377	-16641
1550492319.92998	1319	2173	1967	525	-305	-219	8961	-5889	-17409
1550492319.940504	1317	2140	1999	215	-129	-237	10241	-4609	-15361
1550492319.950971	1313	2129	2029	157	-168	-247	12033	-6401	-17153
1550492319.961557	1307	2148	2047	331	-218	-204	15361	-6913	-14593
1550492319.972181	1290	2155	2062	327	-198	-373	15873	-6145	-17665
1550492319.982617	1282	2153	2072	315	-183	-356	17665	-6145	-21505
1550492319.993024	1226	2009	2243	3140	-601	-740	-31998	28413	21504
1550492320.003513	1248	1919	2236	3138	-414	-765	20482	16893	-31232
1550492320.014026	1218	1913	2220	2890	-424	-666	11522	14077	-28928
1550492320.024454	1260	1874	2215	2301	-620	-798	2562	11517	-32256
1550492320.035049	1280	1831	2207	2324	-385	-497	-11775	7165	-20224
1550492320.045642	1272	1886	2204	1807	-415	-563	-19967	5117	-18688
1550492320.056234	1280	1923	2215	1618	-402	-221	-24575	2557	-17152
1550492320.066856	1271	1927	2244	1312	-609	-158	-30719	4605	-20480
1550492320.077478	1239	1938	2276	708	-588	-175	28161	5373	-14080
1550492320.087905	1191	1976	2310	803	-571	-189	22273	3837	-10496
1550492320.098419	1124	2006	2367	247	-560	-135	22529	2813	-11776
1550492320.109016	1286	2078	2312	358	-605	-333	15873	1789	-4352
1550492320.119478	1343	2133	2284	-21	-555	84	13057	509	1025
1550492320.130025	1371	2174	2292	-84	-180	-76	14081	1021	1793
1550492320.140559	1400	2159	2312	-117	-187	-84	10753	1021	1793
1550492320.151113	1354	2171	2352	-275	-557	53	10753	-516	2561
1550492320.161686	1235	2207	2391	-383	-599	19	12801	253	8193
1550492320.172282	1144	2210	2397	-133	-545	23	10753	-1540	9217
1550492320.182713	1209	2226	2369	-351	-354	33	14337	-772	4353
1550492320.193167	1352	2213	2326	-319	-319	50	13313	-260	8961
1550492320.203699	1400	2206	2297	-268	-353	57	15105	-1028	4609
1550492320.214108	1325	2209	2310	21	-312	27	14593	-1028	8705
1550492320.22463	1307	2202	2316	50	-277	21	11521	509	8193
1550492320.235211	1274	2182	2320	113	26	34	13825	509	4865
1550492320.24568	1204	2159	2325	-126	54	16	10497	-1796	12801
1550492320.256303	1181	2146	2314	-119	-85	-321	9473	253	11777
1550492320.26684	1209	2134	2310	-122	274	-347	10497	1021	2049
1550492320.277465	1266	2104	2291	121	269	-328	7169	253	5889
1550492320.288057	1294	2096	2265	67	-22	-305	6401	-4	4353
1550492320.298653	1266	2129	2281	34	-37	-281	7681	1789	2561
1550492320.309098	1278	2143	2287	46	-86	16	6913	253	4353
1550492320.319537	1295	2157	2274	73	28	53	8705	2045	769
1550492320.329994	1304	2151	2261	79	-262	29	6145	-260	2561
1550492320.34052	1331	2152	2267	72	4	-339	7169	1277	1793
1550492320.350952	1340	2145	2279	69	-308	-358	9985	2557	-2304
1550492320.361527	1298	2124	2292	63	-351	-357	4353	2045	6401
1550492320.37213	1243	2141	2314	11	-343	-377	6145	1789	3329
1550492320.382556	1227	2152	2329	8	-322	-366	6657	2813	1537
1550492320.39293	1269	2145	2326	34	-327	-285	8193	2301	5633
1550492320.403405	1286	2145	2323	42	-361	35	5889	3069	5121
1550492320.413903	1306	2145	2322	35	-369	57	10497	2813	2049
1550492320.424328	1326	2134	2326	29	-383	88	7681	2301	3841
1550492320.43489	1332	2123	2331	28	-144	96	8449	1789	6913
1550492320.445489	1350	2120	2331	26	-135	87	7425	1021	7937
1550492320.456088	1312	2114	2366	62	-337	64	9473	4093	5121
1550492320.466685	1311	2091	2393	78	-350	53	11265	3581	2049
1550492320.4773	1195	2068	2445	88	-358	-309	7169	1789	6913
1550492320.48822	1201	2074	2455	74	-290	-346	9473	4605	3841
1550492320.498824	1293	2076	2426	104	-262	-300	5889	4861	1537
1550492320.509275	1388	2050	2407	-107	30	33	5889	4861	1537
1550492320.519827	1429	2029	2399	121	20	17	5121	3325	-1280
1550492320.530343	1418	2020	2397	51	10	-295	5889	4861	-1792
1550492320.5409	1366	2025	2411	7	77	2	5889	4861	-1792
1550492320.551344	1323	2046	2422	-257	114	41	3841	5629	-5120
1550492320.561773	1292	2047	2418	29	-118	98	6145	7677	-13312
1550492320.57222	1274	2060	2405	37	-107	102	6145	7677	-13312
1550492320.582641	1304	2074	2398	67	-73	110	5633	10493	-15872
1550492320.593058	1339	2085	2391	102	125	-113	4097	11261	-17408
1550492320.603556	1318	2086	2399	115	79	-106	2561	12285	-17408
1550492320.613982	1284	2090	2420	94	34	-119	1793	12285	-17664
1550492320.624404	1233	2085	2469	52	-311	-76	1537	15357	-15104
1550492320.634819	1116	2068	2500	6	-376	-62	-512	16125	-18688
1550492320.645419	1019	2133	2505	-350	-146	-61	2561	18685	-25088
1550492320.656015	924	2160	2469	-341	-308	-78	-1792	18429	-23296
1550492320.666613	1038	2202	2335	-133	-121	-104	-768	18941	-20480
1550492320.677215	1238	2274	2180	-133	339	-32	-1792	23293	-28160
1550492320.687985	1335	2285	2106	-351	148	-5	-512	22525	-27904
1550492320.698579	1228	2024	2277	-626	-334	105	-16639	-20995	-7937
1550492320.709026	1167	2004	2321	-472	-284	2	-13823	-23299	-6657
1550492320.719489	1226	2055	2315	-783	-308	53	-10751	-22531	-9473
1550492320.72995	853	1954	2487	-462	-265	-36	-12543	-20995	-6145
1550492320.740378	761	2198	2498	-710	24	-77	-11519	-20995	-7169
1550492320.750919	976	2309	2390	-744	101	275	-10751	-22019	-4865
1550492320.761507	1255	2369	2290	-512	-26	145	-7679	-18691	-13057
1550492320.771942	1229	2320	2272	-457	-35	272	-4863	-18947	-16641
1550492320.78236	1301	2308	2248	-812	-7	281	-3071	-18179	-15105
1550492320.792781	1368	2266	2213	-849	273	289	-3327	-16643	-17409
1550492320.803305	1411	2214	2155	-894	278	333	-2047	-16131	-16129
1550492320.813734	1437	2277	2169	-1055	306	267	258	-14083	-18177
1550492320.824228	1459	2294	2199	-1031	-2	-27	514	-14083	-21761
1550492320.834653	1460	2272	2210	-883	97	-55	-1279	-14851	-13825
1550492320.845067	1420	2230	2237	-841	87	118	258	-12547	-19457
1550492320.855447	1400	2243	2264	-860	116	105	2818	-13315	-15105
1550492320.865801	1415	2255	2281	-816	116	-113	2306	-9987	-15617
1550492320.876188	1430	2250	2277	-480	42	-128	6914	-9475	-22785
1550492320.8866	1345	2252	2291	-468	32	57	8450	-8451	-20993
1550492320.897098	1269	2269	2342	-462	74	-361	6658	-10243	-15873
1550492320.90764	1265	2241	2368	-442	21	-135	10754	-8963	-16385
1550492320.918221	1249	2200	2361	-448	-198	-170	10242	-8707	-14849
1550492320.92865	972	2216	2431	-386	-151	-148	14850	-7427	-22017
1550492320.939107	907	2218	2416	-435	-186	-369	16642	-8451	-18177
1550492320.949615	961	2158	2321	-401	-170	-340	20994	-7427	-22785
1550492320.960036	1140	2124	2154	-600	-136	-275	21506	-7683	-20225
1550492320.97045	1239	2032	2098	-524	72	112	20226	-6659	-21505
1550492320.980859	1231	2080	2145	-397	93	78	22786	-5379	-22529
1550492320.991261	1246	2106	2175	-411	51	100	24322	-4611	-19201
1550492321.001682	1262	2102	2190	-404	22	123	23298	-2819	-20481
1550492321.0121	1351	2112	2194	-455	83	-71	25858	-4099	-20737
1550492321.022525	1405	2130	2214	-455	75	-31	25858	-2307	-19713
1550492321.0331	1417	2156	2229	-406	16	277	25090	-3	-22785
1550492321.043527	1416	2089	2236	-598	3	-25	26626	-1539	-20993
1550492321.05398	1390	2069	2252	-639	11	114	26370	-771	-21761
1550492321.064405	1381	2108	2260	-420	33	-38	25090	766	-18177
1550492321.074974	1362	2148	2279	-619	50	283	26626	766	-18945
1550492321.085423	1372	2106	2291	-222	8	264	27138	3326	-22273
1550492321.096009	1303	2074	2307	-211	-308	-39	27906	4094	-24321
1550492321.106605	1257	2115	2322	-526	-352	-66	26882	2046	-20737
1550492321.117205	1195	2131	2355	-231	-331	-31	25346	2302	-18177
1550492321.127676	1283	2120	2328	-230	-362	-20	27650	3582	-24577
1550492321.138178	867	2112	2459	-521	-328	53	26370	3070	-20225
1550492321.148778	876	2230	2437	-627	-325	88	27138	3326	-24065
1550492321.159215	1031	2243	2361	-389	-285	-125	27906	4350	-23809
1550492321.16983	1191	2325	2264	-393	48	-115	27138	4094	-20481
1550492321.18026	1242	2356	2233	-578	111	-29	28162	6654	-20225
1550492321.190679	1303	2332	2218	-205	-64	311	29442	5374	-22785
1550492321.20108	1337	2280	2198	-238	-45	-61	27650	7934	-22273
1550492321.211567	1375	2236	2155	-550	-37	-128	28418	10238	-25857
1550492321.221985	1381	2199	2152	-402	-1	12	29698	10750	-22529
1550492321.232396	1392	2161	2168	-451	-11	-283	29442	11518	-24321
1550492321.242807	1386	2201	2182	-837	-100	-327	32002	15102	-25857
1550492321.253222	1368	2212	2200	-810	88	-293	32258	14334	-22017
1550492321.263642	1333	2209	2220	-776	81	-296	32002	15614	-21761
1550492321.274031	1363	2195	2218	-434	100	-324	-29438	18686	-25857
1550492321.284399	1402	2189	2211	-631	72	-296	-30718	18942	-21761
1550492321.294784	1403	2188	2207	-604	43	-275	-28414	21502	-26625
1550492321.305197	1326	2195	2237	-559	13	-286	-28414	21502	-26625
1550492321.315821	1281	2209	2266	-531	-267	-295	-29694	20222	-19201
1550492321.326361	1269	2195	2294	-237	-382	-258	-27646	20990	-24577
1550492321.336955	1297	2198	2296	-520	-581	-297	-27646	20990	-24577
1550492321.347554	995	2255	2404	-230	-608	-294	-28926	20478	-17153
1550492321.358155	937	2234	2432	-364	-508	-317	-26366	19966	-22529
1550492321.368554	957	2134	2382	-322	-801	-343	-26366	19966	-22529
1550492321.379106	982	2059	2294	-340	-558	-170	-26878	17662	-16897
1550492321.389568	1182	2029	2198	-317	75	-328	-23806	17662	-19457
1550492321.400087	1324	1999	2167	-285	-95	-265	-26110	18686	-13313
1550492321.410537	1354	2016	2176	-276	57	44	-27646	18174	-18177
1550492321.421099	1297	2023	2198	-266	-299	76	-24318	17918	-16897
1550492321.431717	1263	2050	2206	-295	-344	31	-27134	19198	-13825
1550492321.442247	1314	2068	2202	-302	42	86	-26110	19454	-18433
1550492321.452668	1330	2059	2211	-296	76	126	-27390	17918	-10753
1550492321.611999	1320	2060	2216	-331	59	-108	-27390	19710	-17921
1550492321.787077	1284	2069	2221	-351	69	-121	-26366	18942	-17921
1550492321.839629	1230	2069	2246	-344	97	-127	-27646	19966	-15617
1550492321.85007	1254	2063	2248	-340	-125	-88	-29438	19454	-17409
1550492321.860593	1284	2070	2250	-332	121	-63	-28158	20990	-15361
1550492321.871182	1316	2076	2238	-333	73	-15	-28158	19966	-18177
1550492321.881743	1321	2074	2236	-335	46	-1	-29182	21246	-15105
1550492321.892178	1294	2060	2250	-343	33	-8	-29694	21502	-17153
1550492321.902623	1277	2060	2259	-166	-262	-64	-31742	22526	-17409
1550492321.913073	1297	2060	2254	-207	-278	-78	32514	23038	-17665
1550492321.923491	1267	2072	2279	-520	-304	-61	-30206	23038	-23041
1550492321.933914	1237	2085	2305	-565	-129	-19	32258	23806	-17665
1550492321.944335	1163	2112	2347	-577	-183	-22	-31230	21502	-18177
1550492321.959586	1134	2161	2356	-590	-256	-22	31746	22526	-16385
1550492321.970024	1137	2183	2336	-521	-160	285	32258	24062	-21505
1550492321.980437	1201	2171	2302	-238	-325	297	-32766	23294	-17921
1550492321.990977	1317	2162	2253	-254	57	321	32002	24574	-20481
1550492322.001446	1382	2172	2214	-530	77	320	30210	22782	-20225
1550492322.01186	1368	2205	2213	-568	74	305	27138	24830	-18689
1550492322.022302	1347	2252	2217	-558	15	347	30466	24574	-20993
1550492322.032741	1311	2276	2224	-523	-260	361	28162	26622	-18689
1550492322.043163	1240	2313	2250	-211	-259	305	27394	26622	-22273
1550492322.053589	1212	2322	2248	-180	10	263	26882	27646	-23809
1550492322.064156	1223	2311	2237	-366	76	-93	26370	27134	-25345
1550492322.074693	1260	2296	2222	-323	-123	87	26882	28414	-23297
1550492322.085118	1301	2287	2218	-308	-112	66	25602	29694	-25089
1550492322.095548	1341	2281	2213	-290	97	41	25602	29694	-23041
1550492322.106152	1334	2276	2212	-281	40	-269	25602	29182	-25089
1550492322.116754	1315	2281	2220	-272	39	-291	26114	28926	-25601
1550492322.127361	1167	2330	2336	49	14	-308	28418	29438	-28929
1550492322.137803	1274	2254	2255	105	-362	-260	26114	28926	-24065
1550492322.148395	1233	2270	2302	85	-318	-175	26626	29438	-26113
1550492322.172201	1260	2235	2283	96	17	-199	28930	28926	-26369
1550492322.204695	1348	2193	2266	106	60	-181	27394	26622	-22017
1550492322.237203	1335	2163	2271	102	85	-204	28418	29694	-26369
1550492322.267263	1321	2162	2273	86	87	-210	31234	27646	-23297
1550492322.287243	1288	2158	2279	113	64	-177	29442	29182	-23553
1550492322.344675	1257	2158	2287	-125	30	-383	30978	29950	-26113
1550492322.367258	1238	2155	2300	-110	11	-372	30978	27902	-22017
1550492322.404805	1247	2158	2305	-83	-333	-353	29698	27390	-22529
1550492322.420959	1280	2154	2298	-66	-168	-347	30978	26878	-19457
1550492322.457294	1302	2149	2296	-59	-205	-362	30978	27134	-18689
1550492322.499691	1311	2138	2298	-65	-225	-187	31490	23806	-22529
1550492322.510146	1297	2129	2307	-71	-218	-232	31746	22526	-17665
1550492322.552112	1265	2124	2316	-71	-184	-531	30978	24318	-18177
1550492322.584612	1237	2105	2326	-79	-364	-516	32002	22782	-16641
1550492322.619637	1238	2091	2327	-98	-321	-516	-30462	21758	-20481
1550492322.639669	1270	2084	2321	121	-275	-206	32258	20478	-13569
1550492322.679594	1286	2081	2318	103	-271	-160	-30206	21246	-18177
1550492322.704622	1274	2086	2321	62	-295	-346	-31230	20222	-17409
1550492322.734773	1267	2092	2321	26	-282	-306	-31230	21758	-16641
1550492322.767281	1258	2087	2321	9	-260	-296	-32254	20734	-17921
1550492322.797214	1263	2074	2319	-300	55	-312	-29182	20990	-15105
1550492322.82962	1270	2072	2316	-367	92	-328	-31486	21502	-17409
1550492322.862078	1273	2073	2311	-133	107	-312	-30462	20478	-12801
1550492322.899629	1281	2068	2312	-158	125	-278	-28670	21758	-15873
1550492322.924543	1280	2078	2312	-174	-128	-260	-30462	22270	-16897
1550492322.952282	1279	2096	2315	-165	104	48	-28158	23550	-16129
1550492323.034668	1276	2107	2317	-369	77	85	-29438	24318	-15873
1550492323.045137	1282	2112	2317	-342	62	80	-29694	24574	-14337
1550492323.055744	1281	2112	2313	-283	51	66	-28158	23550	-16129
1550492323.085844	1279	2105	2312	-271	52	60	-30206	25342	-14849
1550492323.102275	1281	2106	2308	-266	44	62	-28926	25086	-16641
1550492323.15207	1277	2110	2311	-266	33	69	-29438	24830	-15105
1550492323.172053	1276	2115	2312	-267	22	70	-30718	25854	-16897
1550492323.227239	1276	2121	2311	-266	10	52	-30462	25086	-19969
1550492323.237776	1272	2117	2313	-269	8	30	-30974	25598	-17409
1550492323.262219	1274	2117	2316	-275	11	20	-30974	25598	-18433
1550492323.292085	1258	2120	2317	-272	35	12	-29438	24574	-21505
1550492323.352086	1259	2121	2311	-266	50	21	-30462	25598	-16129
1550492323.362583	1278	2123	2301	7	86	34	-31230	25598	-21249
1550492323.397096	1284	2119	2299	2	63	37	-28926	25854	-21505
1550492323.412095	1281	2126	2293	-262	39	18	-31998	25342	-15873
1550492323.454634	1272	2122	2294	-274	22	4	-30206	26366	-20481
1550492323.49704	1277	2117	2296	-289	17	-258	-29950	25598	-18945
1550492323.507564	1275	2115	2292	-315	-268	-266	-30718	26622	-18945
1550492323.549642	1272	2113	2291	-333	-266	4	-29694	27902	-20481
1550492323.579678	1282	2118	2296	-339	-261	4	-28926	25342	-18177
1550492323.614649	1273	2118	2300	-339	-266	12	-30974	24830	-14337
1550492323.637079	1265	2115	2302	-331	5	9	-30974	26878	-20993
1550492323.723352	1259	2110	2302	-330	23	8	-29182	26622	-17153
1550492323.733814	1278	2113	2303	-337	38	15	-30462	27646	-19713
1550492323.744238	1282	2114	2300	-334	26	30	-29438	27390	-21761
1550492323.766	1279	2114	2301	-326	14	30	-29950	27134	-16897
1550492323.810974	1279	2116	2302	-318	5	23	-28670	28414	-22017
1550492323.828521	1274	2115	2307	-304	1	22	-27902	27646	-21505
1550492323.873328	1272	2115	2311	-288	3	31	-30206	27390	-17409
1550492323.893338	1275	2113	2314	-288	-257	32	-30974	27902	-20993
1550492323.925907	1274	2115	2314	-283	-261	36	-27902	26366	-21249
1550492323.948439	1273	2115	2316	-278	2	41	-30718	28158	-17409
1550492323.978528	1268	2114	2317	-276	13	46	-28158	26622	-22017
1550492324.008508	1274	2115	2318	-283	40	50	-28926	27902	-19713
1550492324.038512	1284	2122	2316	-285	39	55	-30974	28414	-20737
1550492324.078508	1276	2128	2311	-284	24	52	-28670	28414	-22529
1550492324.116001	1259	2131	2305	-269	39	43	-28414	27902	-19201
1550492324.130992	1260	2126	2305	-261	72	44	-31742	26366	-18689
1550492324.173342	1281	2126	2311	-264	108	50	-28926	27646	-19969
1550492324.203332	1294	2135	2302	-277	50	51	-29950	28414	-18689
1550492324.223179	1271	2139	2296	-271	38	39	-31486	29182	-22529
1550492324.280925	1273	2128	2295	-264	35	-258	-28670	27646	-18945
1550492324.291466	1274	2128	2293	-265	37	-271	-30462	27902	-18433
1550492324.338357	1269	2120	2291	-267	30	-261	-28670	30206	-21761
1550492324.36098	1271	2117	2289	-289	23	-267	-31230	28158	-17409
1550492324.403342	1272	2114	2288	-295	25	-271	-30462	28926	-17665
1550492324.423418	1275	2116	2288	-311	12	-268	-29438	30718	-22017
1550492324.464655	1273	2116	2291	-309	8	-272	-29694	28670	-17409
1550492324.49097	1275	2118	2291	-308	-263	-259	-30718	28414	-17921
1550492324.515967	1273	2118	2290	-291	-277	4	-31998	29182	-17665
1550492324.562154	1268	2116	2292	-281	-286	6	-29950	29182	-18177
1550492324.584578	1267	2115	2294	-267	-288	1	-30206	27390	-19713
1550492324.61596	1271	2112	2294	-263	-283	1	-30462	28158	-19969
1550492324.645812	1271	2113	2297	-262	-282	9	-30462	28670	-14593
1550492324.673458	1271	2111	2297	-270	-276	17	-31486	28926	-19969
1550492324.703332	1273	2116	2300	-273	-269	19	-28414	27902	-21505
1550492324.753403	1272	2115	2300	-266	-266	20	-31230	28670	-18177
1550492324.763774	1270	2114	2302	-259	-261	8	-30462	29182	-21761
1550492324.808488	1272	2116	2302	-260	-259	9	-28414	27134	-20481
1550492324.830932	1271	2116	2302	1	-262	12	-29950	27646	-20993
1550492324.860989	1275	2119	2301	5	-260	17	-29438	28670	-21761
1550492324.893417	1279	2120	2302	18	-270	24	-28414	28158	-19713
1550492324.960994	1280	2117	2306	27	-279	20	-31742	27390	-18177
1550492324.971459	1278	2116	2308	23	-286	12	-31230	27390	-15873
1550492324.981877	1268	2118	2311	21	-285	2	-31742	26622	-15361
1550492325.018412	1268	2112	2311	17	-269	14	-32254	28414	-21761
1550492325.050969	1272	2119	2310	8	2	15	-32254	28414	-21761
1550492325.09334	1272	2123	2309	14	14	23	-29182	26622	-16897
1550492325.113432	1279	2121	2308	18	17	18	-29182	27902	-15873
1550492325.160955	1275	2119	2309	14	13	4	-29182	27902	-15873
1550492325.171537	1278	2117	2307	6	2	-258	-30718	28158	-18177
1550492325.200817	1274	2114	2308	4	-257	2	-29182	28158	-19457
1550492325.238331	1273	2116	2308	-271	-264	7	-29182	27390	-15873
1550492325.265816	1273	2118	2308	-275	-263	11	-31742	28158	-17153
1550492325.305809	1270	2119	2307	-278	-265	17	-29950	28158	-21249
1550492325.32084	1275	2123	2307	-272	-260	22	-31230	26878	-16897
1550492325.37965	1274	2120	2304	-268	-263	22	-30974	26878	-20737
1550492325.3901	1278	2125	2305	-263	-269	19	-30974	27134	-19457
1550492325.422176	1276	2121	2306	1	-274	19	-30974	26878	-16385
1550492325.452075	1278	2120	2308	-259	-272	14	-31998	28414	-20993
1550492325.484711	1276	2118	2309	-263	-270	11	-29182	25854	-21761
1550492325.519525	1278	2117	2311	-274	-273	8	-30974	27390	-18433
1550492325.562062	1276	2117	2312	-281	-273	10	-31230	27134	-21249
1550492325.577238	1274	2120	2314	-287	-272	9	-28414	25854	-18177
1550492325.61454	1277	2122	2312	-281	-271	12	-31486	25342	-19713
1550492325.639542	1277	2124	2314	-270	-270	24	-28158	26622	-20993
1550492325.676012	1278	2127	2313	-262	-266	26	-28414	26366	-17921
1550492325.703404	1278	2122	2318	13	-259	24	-32254	25854	-17921
1550492325.760806	1283	2121	2317	8	-276	0	-29438	27390	-21761
1550492325.771332	1271	2118	2317	6	-273	4	-29694	25598	-16385
1550492325.796005	1274	2118	2318	-260	-262	14	-29438	25342	-19457
1550492325.838456	1274	2124	2316	-257	8	21	-28926	26878	-21249
1550492325.87077	1278	2124	2314	0	11	20	-30206	25854	-18433
1550492325.898314	1284	2123	2314	1	7	16	-30462	26366	-15361
1550492325.928518	1280	2122	2313	3	-263	7	-31742	25854	-20737
1550492325.943328	1279	2121	2314	-258	-276	-259	-30718	27390	-17921
1550492325.988607	1282	2118	2315	-265	-289	-263	-29438	27134	-19201
1550492326.020965	1276	2119	2318	-269	-291	0	-29182	25086	-20737
1550492326.043342	1280	2119	2318	-272	-287	2	-31230	25086	-16641
1550492326.077183	1282	2121	2320	-275	-290	4	-29694	25854	-20993
1550492326.119634	1282	2125	2321	-274	-296	12	-28414	25086	-18945
1550492326.13007	1283	2122	2323	-263	-294	13	-30206	25086	-20225
1550492326.17721	1281	2122	2325	-258	-295	9	-28670	24574	-20737
1550492326.208473	1281	2121	2325	-257	-299	8	-29694	24318	-17153
1550492326.240804	1281	2120	2327	1	-294	6	-31230	25342	-19201
1550492326.303384	1282	2122	2328	2	-292	12	-28670	24574	-18945
1550492326.313818	1286	2118	2329	0	-294	5	-29438	24318	-17153
1550492326.336105	1288	2118	2330	-259	-288	2	-30718	23806	-14081
1550492326.365828	1285	2118	2330	-259	-288	10	-31230	24062	-17409
1550492326.395955	1284	2119	2332	-261	-271	4	-30974	23806	-15873
1550492326.43353	1285	2119	2336	-265	-261	-258	-28670	24318	-18689
1550492326.452207	1294	2120	2339	-268	-264	-258	-30206	24062	-16897
1550492326.497221	1293	2122	2342	-261	-271	0	-30206	24574	-15105
1550492326.512263	1281	2117	2350	-259	-277	-265	-29182	25598	-20737
1550492326.5648	1276	2121	2347	-265	-284	-282	-29694	23038	-15105
1550492326.57534	1265	2114	2347	-263	-262	-276	-31742	23294	-14593
1550492326.615971	1273	2109	2346	-276	47	-272	-28670	24574	-18945
1550492326.650917	1287	2110	2341	-282	74	14	-30206	24062	-15873
1550492326.686018	1296	2110	2335	-282	67	25	-31486	23806	-16897
1550492326.708454	1287	2118	2333	-278	43	36	-31230	24062	-16897
1550492326.745803	1281	2122	2332	-274	42	32	-30462	24574	-14849
1550492326.773457	1291	2117	2332	0	34	16	-31486	24318	-17665
1550492326.800936	1284	2118	2326	4	16	9	-30462	24574	-13825
1550492326.828544	1280	2116	2325	4	16	11	-31230	24574	-16641
1550492326.874625	1285	2113	2326	6	15	14	-30974	25854	-19713
1550492326.884982	1287	2113	2324	4	4	10	-28926	23806	-17409
1550492326.949443	1288	2113	2326	0	-268	18	-30462	24574	-18945
