1.55049e+09	1248	1897	1824	-289	3	15	-30208	-16128	23041
1550492294.135199	1248	1895	1823	-288	3	15	-27904	-14592	22273
1550492294.145641	1246	1894	1825	-288	-260	9	-28160	-16128	26113
1550492294.156073	1248	1897	1824	-290	4	12	-28416	-16384	28929
1550492294.166476	1250	1896	1822	-287	5	16	-28928	-14592	26881
1550492294.176891	1249	1895	1821	-285	1	7	-27648	-15872	28417
1550492294.1873	1248	1892	1824	-289	-257	6	-29696	-14848	26113
1550492294.1976	1249	1893	1826	-297	5	6	-30208	-15616	26113
1550492294.20814	1251	1897	1826	-295	7	11	-29696	-15360	26113
1550492294.218737	1250	1897	1824	-296	4	7	-29184	-15104	22017
1550492294.229232	1248	1899	1824	-302	-257	6	-28672	-15872	24065
1550492294.239676	1247	1900	1826	-300	1	5	-29440	-15616	27905
1550492294.250111	1250	1899	1824	-292	1	6	-28672	-15104	22273
1550492294.260641	1261	1907	1821	-281	-276	4	-29440	-16128	25857
1550492294.27115	1230	1893	1832	-270	-293	-277	-27392	-15616	22017
1550492294.281593	1251	1883	1828	-304	-270	-279	-26880	-14848	21761
1550492294.292048	1258	1891	1832	-311	-265	-268	-27136	-15104	23553
1550492294.30249	1246	1896	1831	-305	-266	4	-29184	-15872	23809
1550492294.312926	1243	1896	1832	-305	4	10	-27392	-17152	28161
1550492294.323344	1246	1893	1834	-304	3	13	-28160	-15872	26881
1550492294.333779	1246	1895	1825	-288	14	34	-26624	-15360	25345
1550492294.344331	1268	1910	1808	-272	-263	50	-26368	-15872	22529
1550492294.354766	1213	1897	1832	-260	-294	25	-29184	-15872	26625
1550492294.365206	1268	1898	1836	-275	-258	41	-29952	-16896	27393
1550492294.375812	1258	1893	1841	-274	-259	43	-28672	-15360	23809
1550492295.709768	1244	1882	1831	-267	-263	14	-29952	-15616	27393
1550492295.72023	1248	1900	1828	-293	25	20	-26880	-15872	27905
1550492295.7307	1232	1902	1837	-283	24	12	-27904	-14848	22273
1550492295.741085	1267	1904	1851	-273	41	-266	-29696	-15104	26625
1550492295.751471	1236	1884	1823	-287	-267	-264	-27392	-15360	27393
1550492295.761875	1235	1895	1833	-287	-267	30	-27904	-14848	23553
1550492295.772282	1258	1887	1826	-301	36	9	-28928	-15104	21249
1550492295.782675	1249	1908	1837	-296	21	6	-27392	-15360	22273
1550492295.793154	1246	1904	1829	-274	9	11	-28928	-14848	25345
1550492295.80374	1261	1899	1828	-273	11	16	-29696	-16128	28417
1550492295.814262	1222	1881	1829	-320	-330	-274	-28672	-15616	27905
1550492295.824733	1254	1891	1830	-334	6	-263	-28928	-15872	27393
1550492295.835322	1263	1894	1840	-349	16	-267	-29952	-16128	26625
1550492295.845874	1244	1907	1845	-317	13	0	-29184	-16896	23809
1550492295.856426	1251	1893	1830	-309	15	1	-27136	-16128	27137
1550492295.866961	1226	1881	1823	-347	-278	22	-27648	-15616	26625
1550492295.877502	1287	1922	1807	-320	50	77	-27648	-15872	25601
1550492295.88804	1199	1910	1827	-275	-262	10	-29440	-15872	26113
1550492295.898629	1280	1908	1831	-285	34	-266	-29696	-15104	25601
1550492295.909221	1249	1895	1832	-284	17	21	-27648	-15872	26113
1550492295.91986	1234	1870	1830	-288	-277	41	-29952	-15616	26113
1550492297.297108	1252	1900	1814	-310	31	21	-28928	-15104	30465
1550492297.307527	1239	1911	1832	-299	19	-266	-28160	-16384	29953
1550492297.317934	1262	1899	1821	-294	-257	18	-29696	-15104	25601
1550492297.328311	1253	1897	1826	-293	13	29	-29952	-15872	28161
1550492297.338684	1253	1893	1813	-304	-259	39	-28672	-16128	25089
1550492297.349149	1224	1905	1819	-295	0	23	-30720	-15872	25601
1550492297.359682	1268	1894	1824	-309	21	2	-28672	-15616	27649
1550492299.814695	1247	1898	1836	-298	-257	24	-31744	-15616	27393
1550492299.825137	1242	1894	1821	-308	17	41	-30464	-15872	25857
1550492299.835614	1258	1891	1791	-307	32	39	-30720	-16384	24321
1550492299.846022	1250	1908	1826	-345	-262	24	-28928	-15616	27905
1550492299.856439	1269	1906	1811	-327	7	7	-29184	-15360	28417
1550492299.866812	1241	1902	1829	-319	-261	-281	-30976	-15104	26369
1550492299.87734	1235	1895	1827	-309	25	-328	-31488	-16128	23809
1550492299.887966	1262	1909	1842	-317	37	-325	-30720	-15360	25857
1550492299.898535	1251	1876	1812	-338	-317	-276	-28672	-15360	26369
1550492299.909133	1222	1880	1845	-326	-331	16	-31488	-16640	24065
1550492299.919729	1239	1879	1831	-357	28	-257	-30976	-15104	26369
1550492299.930269	1265	1922	1830	-348	84	34	-31232	-15104	26625
1550492299.940743	1251	1951	1805	-299	43	56	-30720	-15616	24321
1550492299.951311	1241	1881	1805	-271	-271	-276	-31232	-17152	24833
1550492299.961863	1252	1889	1829	-295	-263	8	-29440	-16640	26369
1550492299.972439	1265	1892	1823	-303	-270	-266	-30208	-15104	30977
1550492299.982871	1229	1875	1831	-278	-321	-292	-32000	-16128	24065
1550492299.993338	1275	1911	1806	-295	-274	-274	-30976	-14592	27905
1550492300.003946	1217	1918	1826	-270	7	-259	-27904	-15360	22529
1550492300.014552	1267	1916	1822	-275	52	17	-29696	-15360	24321
1550492300.025152	1276	1933	1821	-257	66	60	-28160	-16128	22273
1550492300.035714	1244	1919	1825	61	-269	40	-28928	-14848	22529
1550492300.046334	1265	1879	1828	49	0	17	-29952	-15616	27649
1550492300.056926	1246	1866	1834	-280	23	46	-30208	-16128	24065
1550492300.067525	1240	1888	1834	-312	57	70	-29952	-15616	27905
1550492300.077925	1259	1915	1797	-281	32	85	-29184	-16896	28417
1550492300.598425	1183	1931	1819	46	-342	71	-30976	-15616	26369
1550492300.608863	7943	7	-223	-10752	8448	-30720	454	104	18556
1550492300.619432	12295	7	-254	-3328	14336	-30464	451	105	19580
1550492300.629901	9479	7	-249	-5376	9472	-28928	449	108	20604
1550492300.640518	8455	7	-237	-9984	6144	-29696	455	87	21628
1550492300.978494	7431	-249	248	7423	-1280	-31232	453	108	22652
1550492301.083405	1230	1911	1826	-307	-323	26	-29184	-15104	24065
1550492301.093851	1230	1923	1816	-258	23	4	-29184	-16384	23553
1550492302.02207	1251	1910	1810	-267	59	-276	-28160	-16640	25345
1550492302.032521	1247	1929	1832	31	51	-272	-27904	-15872	30209
1550492302.042827	1203	1916	1841	54	40	-269	-29184	-16128	28417
1550492302.053001	1188	1865	1805	19	100	-290	-31232	-14336	29441
1550492302.063267	1254	1876	1842	13	-67	-275	-27136	-14592	28417
1550492302.073522	1316	1870	1830	-264	-96	-287	-27904	-13824	27393
1550492302.690897	1305	1874	1834	-273	49	-321	-28416	-14592	29953
1550492302.701428	1300	1870	1822	-299	11	-339	-27136	-14336	29185
1550492302.711876	1279	1871	1818	-139	-369	-295	-28416	-14592	29697
1550492308.443344	1265	1885	1813	-154	-369	0	-29184	-15360	25601
1550492308.453772	1262	1908	1812	-145	-380	24	-28160	-15360	28161
1550492308.464177	1234	1910	1814	-342	-184	-277	-27136	-14848	27649
1550492308.474518	1211	1885	1820	-328	-176	-268	-29184	-16640	25345
1550492308.484843	1204	1882	1820	-346	-348	3	-28672	-15360	24065
1550492308.495087	1214	1892	1814	-340	12	-270	-31488	-16384	26625
1550492308.505429	1264	1916	1818	-324	68	-259	-27136	-16640	23553
1550492308.515824	1272	1928	1816	3	41	29	-29696	-16640	23809
1550492308.526203	1272	1890	1824	25	22	38	-29696	-16640	23809
1550492308.536582	1248	1875	1822	5	9	31	-27648	-16128	28673
1550492308.547012	1248	1876	1826	-289	-277	0	-27136	-15360	24065
1550492308.557472	1240	1890	1833	-306	-263	19	-30208	-16128	25345
1550492308.567968	1263	1919	1816	-290	35	75	-27136	-16640	27649
1550492308.578574	1224	1912	1821	-267	29	-258	-27648	-16128	29185
1550492308.589174	1270	1891	1824	-275	0	-263	-29696	-16128	29953
1550492308.599666	1259	1904	1831	-297	-257	26	-29952	-15872	26881
1550492308.610101	1252	1896	1831	-288	-277	33	-28416	-16640	25089
1550492308.620652	1211	1894	1827	-277	-282	9	-27136	-16128	25345
1550492308.631212	1247	1899	1830	-286	21	8	-26112	-16128	23041
1550492308.641713	1262	1912	1831	-274	29	32	-28672	-16128	25089
1550492308.652118	1252	1914	1824	5	-263	37	-30208	-16128	27137
1550492308.662574	1245	1898	1824	4	-264	18	-28416	-15872	25089
1550492308.673002	1253	1896	1828	-279	-271	12	-27904	-15360	25857
1550492308.683417	1248	1899	1831	-295	-275	13	-28416	-14848	25857
1550492308.693801	1244	1897	1822	-296	-274	13	-28928	-16384	27137
1550492308.704266	1238	1905	1838	-294	-291	21	-28672	-15872	24321
1550492308.714701	1242	1899	1834	-291	-278	27	-28672	-15872	27393
1550492308.725296	1255	1892	1833	-294	17	8	-28160	-15872	23041
1550492308.735734	1247	1901	1834	-294	3	-259	-29952	-16640	27905
1550492308.746139	1244	1891	1832	-298	1	-264	-27648	-17408	27137
1550492308.756584	1246	1892	1841	-295	-257	-258	-29440	-15360	27137
1550492308.76716	1257	1860	1805	-298	16	-277	-28928	-17152	27649
1550492308.777738	1250	1908	1827	-356	-302	20	-27136	-16384	22529
1550492308.788292	1226	1893	1827	-350	-261	-293	-27136	-17920	26625
1550492308.798846	1251	1908	1852	-346	-264	-274	-27648	-16640	26881
1550492308.809501	1246	1895	1832	-310	-289	40	-29952	-16640	30465
1550492308.820096	1233	1890	1847	-303	-313	84	-29952	-16640	24833
1550492308.830702	1264	1894	1819	-275	-268	124	-30976	-16640	25857
1550492308.84121	1236	1913	1830	6	-274	61	-27648	-16640	25601
1550492308.851863	1261	1900	1834	-261	-264	25	-28672	-17152	23553
1550492308.862306	1254	1905	1837	-261	6	17	-29952	-16384	27905
1550492308.87273	1254	1894	1827	-258	35	-272	-28672	-17152	22529
1550492308.883175	1234	1894	1837	4	40	-297	-29440	-17152	24577
1550492308.893624	1249	1900	1840	-261	81	-328	-28928	-16384	22017
1550492308.904101	1264	1905	1841	8	73	-322	-27392	-15104	27137
1550492308.914558	1229	1891	1838	-283	-337	3	-27136	-16896	22785
1550492308.925095	1221	1895	1844	13	12	24	-28672	-15360	21249
1550492308.935539	1262	1886	1837	-258	44	16	-26880	-17408	27137
1550492308.946043	1256	1912	1845	-277	21	9	-27648	-16640	28161
1550492308.956571	1257	1919	1837	-286	12	1	-28416	-16640	31233
1550492308.967119	1233	1881	1822	-313	-300	-268	-28672	-16128	22529
1550492308.977646	1232	1911	1841	-313	-257	11	-26880	-17920	27649
1550492308.988196	1240	1903	1841	-300	10	8	-26880	-16128	25857
1550492308.998712	1243	1912	1849	-274	18	22	-25856	-16640	23809
1550492309.009233	1248	1904	1833	-261	32	28	-27904	-15616	25089
1550492309.019832	1244	1892	1832	-266	10	30	-29184	-16384	27137
1550492309.030442	1243	1891	1835	-285	19	27	-29440	-16128	26113
1550492309.041052	1245	1889	1840	-302	22	15	-28672	-16640	25601
1550492309.051661	1247	1897	1839	-317	23	0	-27904	-15616	25345
1550492309.062264	1247	1900	1835	-327	24	1	-26368	-15616	23809
1550492309.072799	1247	1897	1832	-332	18	5	-28672	-16640	24321
1550492309.083333	1251	1898	1829	-327	5	21	-28672	-15104	25089
1550492309.093757	1248	1898	1828	-323	3	17	-27904	-15872	28673
1550492309.104179	1240	1893	1828	-324	3	5	-28160	-15872	24065
1550492309.114622	1243	1890	1827	-322	4	-257	-30464	-15872	27649
1550492309.125073	1259	1896	1818	-314	13	-264	-26880	-16640	26113
1550492309.135536	1262	1902	1822	-298	-262	-263	-27648	-15872	27905
1550492309.145998	1244	1899	1830	-289	-281	-262	-26112	-16128	23297
1550492309.156516	1243	1893	1831	-278	-267	9	-28416	-16128	27905
1550492309.166965	1249	1895	1826	-280	4	17	-27136	-16128	27393
1550492309.177535	1255	1899	1825	-285	9	22	-29696	-16128	25345
1550492309.188027	1249	1895	1826	-294	2	22	-28672	-16640	26625
1550492309.198574	1248	1890	1828	-293	6	24	-28672	-15104	26369
1550492309.20916	1250	1893	1824	-296	12	22	-28928	-16640	27137
1550492309.219741	1251	1898	1824	-292	1	21	-28416	-14080	21505
1550492309.230346	1247	1893	1828	-296	-260	15	-28672	-16384	27393
1550492309.24094	1247	1893	1829	-310	6	14	-27392	-15616	24321
1550492309.251582	1247	1892	1829	-316	5	7	-29440	-16896	25089
1550492309.262035	1247	1895	1826	-332	6	1	-28928	-15872	24833
1550492309.272478	1250	1896	1828	-338	8	-258	-28928	-15872	24833
1550492309.282916	1248	1899	1830	-339	3	-259	-27392	-14848	23297
1550492309.293315	1244	1900	1830	-336	5	-257	-29440	-16896	25345
1550492309.303779	1246	1903	1830	-333	9	-257	-28416	-16896	27137
1550492309.314236	1247	1904	1831	-327	13	1	-28416	-16640	28929
1550492309.324824	1249	1904	1831	-315	7	4	-28672	-15616	23553
1550492309.335344	1248	1902	1830	-311	6	6	-29952	-15360	26113
1550492309.34581	1249	1901	1828	-304	7	8	-28416	-16896	28417
1550492309.356325	1250	1904	1828	-303	5	10	-27392	-15872	25601
1550492309.366865	1249	1902	1827	-298	2	13	-29952	-16896	29185
1550492309.377412	1248	1902	1824	-290	3	13	-30464	-15360	26625
1550492309.388071	1251	1900	1823	-290	1	17	-30976	-16384	28161
1550492309.398659	1248	1901	1825	-283	0	17	-29952	-15360	25601
1550492309.409254	1252	1903	1822	-278	-257	15	-29952	-15872	27649
1550492309.419867	1245	1899	1822	-271	-266	14	-29696	-15104	25857
1550492309.430479	1246	1899	1829	-276	-260	11	-30720	-16384	26625
1550492309.44109	1248	1900	1826	-276	3	10	-29184	-15872	22785
1550492309.451661	1245	1898	1826	-275	-257	9	-29696	-15104	27137
1550492309.462236	1249	1898	1826	-279	0	8	-28416	-16128	24833
1550492309.472662	1251	1899	1826	-276	-261	3	-29952	-16640	24833
1550492309.483099	1248	1897	1825	-280	-262	3	-28672	-15616	23041
1550492309.493609	1245	1898	1829	-286	-262	1	-27904	-15104	20737
1550492309.504204	1245	1881	1844	24	-276	41	-25344	-17664	23297
1550492309.514797	1246	1879	1843	-258	-274	32	-26368	-17664	23553
1550492309.525431	1242	1885	1843	-268	-277	26	-23296	-17408	20481
1550492309.535908	1242	1893	1846	-268	-278	13	-22784	-17152	20225
1550492309.54645	1239	1892	1851	-267	-278	24	-23296	-17152	25089
1550492309.556999	1241	1893	1846	-269	-259	23	-22784	-16640	23297
1550492309.567568	1245	1895	1841	-265	13	18	-25856	-17408	25601
1550492309.577988	1244	1891	1849	-267	3	15	-27648	-17408	23297
1550492309.588569	1245	1888	1849	-271	4	11	-25856	-17920	25857
1550492309.599195	1244	1885	1848	-276	7	7	-25088	-17920	21761
1550492309.609816	1244	1884	1844	-307	9	-257	-25088	-16640	26369
1550492309.620413	1242	1894	1847	-330	12	0	-23552	-17408	25089
1550492309.630961	1243	1898	1852	-328	7	-257	-25344	-16896	21505
1550492309.641603	1242	1900	1852	-317	2	2	-25600	-17664	26113
1550492309.652251	1250	1903	1849	-306	8	3	-26112	-18688	26881
1550492309.662683	1242	1900	1849	-310	-261	-258	-24832	-16384	22017
1550492309.673128	1243	1899	1852	-306	-259	5	-22528	-16896	20225
1550492309.683686	1244	1894	1852	-301	-264	4	-23552	-17408	24065
1550492309.694277	1243	1893	1849	-307	-261	5	-24064	-18432	25601
1550492309.704725	1244	1894	1848	-313	-261	5	-24832	-17408	25857
1550492309.715332	1242	1894	1849	-319	-258	2	-23296	-16640	19969
1550492309.72578	1243	1894	1849	-312	-262	7	-24576	-17408	24065
1550492309.736299	1242	1891	1850	-310	-257	8	-23040	-17408	22785
1550492309.746836	1246	1894	1846	-307	6	7	-25088	-18176	25857
1550492309.75743	1243	1892	1847	-301	4	4	-24320	-16896	23041
1550492309.768026	1244	1890	1851	-294	1	-258	-23296	-17408	23297
1550492309.778469	1245	1892	1849	-290	1	6	-23296	-17408	23297
1550492309.789021	1241	1891	1849	-289	1	5	-25600	-16640	23553
1550492309.799598	1246	1892	1849	-287	2	5	-26112	-17408	24577
1550492309.810203	1245	1890	1850	-295	1	6	-25344	-16896	21505
1550492309.820809	1244	1890	1848	-299	-257	6	-26368	-16896	25601
1550492309.831405	1243	1887	1849	-318	1	-258	-25600	-16640	23809
1550492309.841817	1245	1886	1851	-325	2	-257	-25344	-16896	20993
1550492309.852259	1244	1887	1850	-334	5	1	-25344	-16896	19713
1550492309.862687	1245	1895	1848	-333	6	-258	-24832	-17408	22785
1550492309.873101	1243	1892	1848	-329	0	-261	-23296	-18176	21505
1550492309.8836	1240	1884	1846	-324	0	-258	-26880	-18176	22785
1550492309.894166	1242	1883	1847	-330	15	3	-24832	-18432	25089
1550492309.904611	1249	1886	1848	-336	26	4	-25856	-16640	19969
1550492309.915202	1250	1887	1847	-324	16	0	-24320	-17408	22785
1550492309.925649	1245	1877	1849	-331	11	-260	-25344	-18176	25601
1550492309.936076	1246	1878	1847	-348	13	-266	-26880	-17152	25857
1550492309.946591	1244	1880	1843	-265	5	11	-29184	-17152	21761
1550492309.957138	1245	1882	1843	-274	15	14	-28928	-16896	24577
1550492309.967643	1250	1890	1842	-277	19	18	-27392	-17920	25089
1550492309.978136	1247	1887	1842	-277	13	22	-27392	-17408	23553
1550492309.988704	1249	1885	1842	-277	14	18	-28416	-16896	24321
1550492309.999241	1250	1889	1841	-280	5	13	-31488	-17664	25345
1550492310.009842	1250	1890	1842	-281	-262	17	-28928	-16896	22017
1550492310.020438	1247	1891	1841	-283	-265	19	-28928	-17408	22273
1550492310.030983	1244	1891	1841	-279	-260	24	-28160	-16384	24577
1550492310.041597	1240	1887	1843	-278	-258	25	-27136	-17920	26625
1550492310.052218	1242	1889	1839	-290	11	30	-28160	-17664	23553
1550492310.062639	1248	1887	1837	-292	15	22	-30720	-16896	26369
1550492310.073013	1247	1888	1839	-296	9	17	-28928	-17152	20993
1550492310.083388	1248	1891	1838	-294	4	14	-27904	-17664	27905
1550492310.09381	1252	1891	1835	-287	6	15	-26880	-17920	26113
1550492310.104373	1248	1894	1833	-292	3	4	-28160	-16128	26113
1550492310.114961	1241	1894	1835	-297	-257	5	-28160	-17664	29953
1550492310.125476	1243	1894	1837	-299	4	5	-29184	-17920	21249
1550492310.135931	1248	1897	1837	-287	11	16	-27648	-18176	25601
1550492310.146443	1248	1897	1836	-280	11	15	-27392	-16896	26369
1550492310.157003	1248	1893	1837	-281	15	15	-28672	-16640	30209
1550492310.167559	1250	1894	1839	-283	8	16	-29440	-16640	25089
1550492310.178144	1246	1889	1838	-281	1	20	-30464	-16384	24577
1550492310.188669	1242	1891	1837	-287	7	18	-26624	-17408	24321
1550492310.199166	1248	1895	1834	-294	10	17	-29440	-17664	22017
1550492310.209759	1252	1896	1837	-292	3	18	-28416	-16640	26113
1550492310.220202	1241	1892	1836	-290	-258	13	-28416	-17152	29185
1550492310.230799	1245	1893	1836	-293	4	12	-29440	-16640	23553
1550492310.241247	1247	1893	1837	-294	4	12	-29184	-16896	24321
1550492310.251738	1245	1888	1838	-290	6	16	-28160	-17408	28161
1550492310.262323	1248	1891	1835	-291	10	14	-27136	-15616	22273
1550492310.272758	1250	1890	1836	-294	5	8	-29184	-16896	22273
1550492310.28326	1246	1891	1836	-298	1	13	-26880	-17408	25857
1550492310.293772	1248	1894	1833	-301	0	10	-27392	-16128	26881
1550492310.304347	1247	1894	1834	-298	-261	8	-26880	-17408	22529
1550492310.314893	1241	1890	1835	-300	-260	7	-29696	-16896	20225
1550492310.325469	1248	1893	1833	-306	7	0	-29696	-16896	20225
1550492310.335914	1247	1893	1834	-300	6	2	-28160	-16896	24577
1550492310.346448	1249	1896	1833	-301	1	1	-28416	-16640	26369
1550492310.357028	1245	1895	1835	-298	2	-261	-28928	-16384	25345
1550492310.367485	1245	1897	1837	-295	2	3	-29696	-17664	25857
1550492310.378061	1249	1896	1835	-290	6	-257	-29184	-17664	23809
1550492310.388278	1245	1892	1841	-281	3	2	-29696	-16384	26113
1550492310.398707	1245	1891	1839	-282	6	6	-27904	-16640	25857
1550492310.409166	1249	1893	1837	-285	7	9	-29440	-15616	19713
1550492310.419632	1247	1891	1841	-287	3	8	-27904	-16384	23297
1550492310.43023	1246	1894	1841	-282	-258	8	-29184	-15616	25857
1550492310.440829	1247	1891	1837	-277	-258	12	-27648	-17152	22017
1550492310.451428	1248	1892	1835	-276	-259	12	-29696	-16640	22017
1550492310.461865	1242	1889	1837	-280	-262	14	-26112	-16384	20481
1550492310.472286	1196	1882	1858	-282	278	-272	-29952	-16128	27393
1550492310.482711	1238	1846	1836	1	311	-286	-30720	-16128	26369
1550492310.4931	1288	1805	1841	105	324	-286	-31232	-15104	27649
1550492310.503487	1434	1830	1814	-118	378	122	-29696	-11776	27905
1550492310.513937	1424	1853	1721	-94	-45	-270	-27136	-12544	27905
1550492310.524362	1285	2023	1597	258	-91	316	-29184	-12800	27649
1550492310.534781	1131	2073	1632	370	-68	132	-26624	-13312	32513
1550492310.545367	1211	1971	1671	466	-22	210	-29184	-12032	-32767
1550492310.55591	1309	1935	1683	1083	372	386	-26624	-11520	-31231
1550492310.566345	1358	1943	1767	1311	296	421	-23552	-9472	32001
1550492310.576903	1319	1898	1850	1436	8	577	-17664	-10496	-29183
1550492310.587409	1282	1886	1896	1809	-174	516	-17664	-10496	-29183
1550492310.597904	1255	1814	1944	1878	-222	212	-13312	-11776	-30207
1550492310.608498	1197	1812	1953	1736	-631	281	-6912	-14336	-27647
1550492310.619101	1177	1796	2038	1765	-419	-89	1025	-16384	30977
1550492310.629699	1243	1897	2047	1746	-223	327	7169	-17920	28161
1550492310.640288	1217	1950	1936	1728	-356	342	12033	-19712	30721
1550492310.650887	1208	1999	1860	1735	-305	202	17409	-23040	27393
1550492310.661485	1207	1972	1879	1668	-270	410	20481	-27136	27137
1550492310.672109	1279	1982	1856	1838	38	448	25857	-27904	20737
1550492310.682535	1175	2079	1869	1886	-298	478	28417	-30720	22273
1550492310.693044	1151	1994	1873	1863	46	638	31233	31232	24321
1550492310.703559	1270	1939	1845	1532	-115	614	-30207	28416	16385
1550492310.714099	1288	1974	1893	1411	29	522	-30463	24320	18689
1550492310.724692	1232	2001	1921	1633	-343	167	-24319	21760	14081
1550492310.735346	1198	2009	1936	1588	-144	289	-22783	18944	13569
1550492310.745801	1217	2019	1926	1584	-285	287	-21503	16128	14081
1550492310.756333	1231	2048	1941	1619	14	292	-18431	11264	11777
1550492310.766882	1227	2063	1939	1452	35	-1	-16639	8448	11009
1550492310.777505	1227	2078	1919	1495	48	-12	-14591	3328	14081
1550492310.788111	1230	2088	1908	1800	-115	-25	-18175	-513	17153
1550492310.798919	1237	2090	1918	1823	-60	-105	-13567	-2817	14849
1550492310.809531	1256	2073	1918	1797	-52	88	-11519	-7169	14849
1550492310.820043	1265	2080	1912	1433	-67	0	-8959	-11265	12545
1550492310.83058	1266	2097	1951	1608	-98	-293	-8447	-14593	9985
1550492310.841172	1265	2109	1992	1215	91	-321	-8191	-18177	16641
1550492310.851742	1234	2096	1972	1377	-294	-155	-8703	-20737	15361
1550492310.862192	1256	2116	1954	1311	-328	-154	-6655	-25601	11521
1550492310.87287	1221	2118	1979	956	-136	-176	-6143	-28929	9985
1550492310.883403	1056	2027	1972	1097	-179	-539	-4351	32255	15873
1550492310.893977	990	2087	2090	1112	-291	-364	-4607	30207	11265
1550492310.904554	970	2101	2093	1294	44	249	-5375	26879	12033
1550492310.915184	1045	1854	2043	1164	-9	609	-6911	23295	7681
1550492310.925657	1263	1710	1945	994	668	237	-9727	22783	6145
1550492310.936205	1226	1858	1867	991	1121	355	-9727	22783	6145
1550492310.946738	1068	2037	1893	1190	1042	322	-12799	21503	4353
1550492310.957238	1214	1970	1925	1832	757	140	-15871	21247	3329
1550492310.967696	1339	1822	1921	1676	677	377	-18175	18175	4353
1550492310.978302	1400	1780	1886	1534	786	284	-23039	17407	8449
1550492310.988888	1449	1849	1875	1585	248	-108	-22015	16639	513
1550492310.999466	1310	1915	1831	1279	-14	88	-25343	14591	5377
1550492311.009871	1260	1975	1771	1202	-43	-121	-25343	12031	3073
1550492311.020378	1303	2002	1778	1188	259	-11	-29183	9983	257
1550492311.030979	1360	1999	1777	1362	328	381	-30975	9983	1281
1550492311.041596	1402	1996	1765	1292	-21	379	-32255	8447	2305
1550492311.052193	1393	1988	1746	1011	-114	353	28161	4863	-1280
1550492311.062631	1407	2005	1706	960	-259	-30	25601	4095	-1280
1550492311.073146	1238	2038	1713	963	-369	-108	24577	2303	-3840
1550492311.083694	1079	1829	1803	930	-135	66	23041	767	-2560
1550492311.094257	1186	1889	1683	886	-10	-116	20481	-1794	-1280
1550492311.104847	1159	2096	1515	683	-76	261	17665	-2050	-2048
1550492311.115458	648	1922	1721	704	3	-160	16641	-2562	-4608
1550492311.125907	811	1678	1971	602	359	-433	18945	-2818	-1792
1550492311.136439	1020	1701	1966	250	497	-590	18945	-2818	-3584
1550492311.146985	1267	1737	1779	382	714	361	15873	-1794	6913
1550492311.157614	1507	1961	2097	512	810	434	11521	1279	-256
1550492311.168083	1356	1894	2063	785	48	570	8193	511	769
1550492311.178678	1251	1653	1973	594	-206	177	7681	511	-2048
1550492311.189095	1304	1674	1865	282	-143	154	6145	-1026	-3840
1550492311.199692	1350	1820	1848	-351	-336	337	5377	-2050	-2560
1550492311.210298	1435	1931	1892	-384	-319	320	3073	-1538	-3328
1550492311.220738	1427	1991	1895	-381	-248	-17	2561	-1282	-1792
1550492311.231338	1392	1974	1867	-319	-508	18	2561	-3586	-3840
1550492311.241773	1294	1920	1842	-304	-831	-325	1793	-6146	-2560
1550492311.252214	1258	1914	1815	-522	-407	-381	2305	-6658	2561
1550492311.262604	1358	1944	1772	-390	-522	-131	3073	-8706	5121
1550492311.273032	1418	1976	1805	-461	-550	-539	6657	-8450	-256
1550492311.283592	1358	1929	1812	-839	-835	-863	9985	-9730	-1024
1550492311.294151	1261	1875	1861	-718	-869	-694	11777	-11522	5121
1550492311.304745	1157	1872	1898	-937	-869	-647	15105	-12290	4609
1550492311.31536	1103	2159	1770	-1126	-462	-841	18177	-13058	11777
1550492311.325801	1192	2070	1663	-977	-386	-350	22017	-12802	5377
1550492311.336294	938	1790	1930	-1338	-1045	-145	23297	-12546	11521
1550492311.346825	820	1654	1978	-1379	-797	-373	26369	-14594	12801
1550492311.357419	989	1750	2012	-1314	-35	797	26113	-12546	9217
1550492311.367945	1144	1769	2116	-871	-68	1138	23041	-9474	11009
1550492311.378519	1205	1674	2011	-852	371	712	20225	-8962	9473
1550492311.389134	1191	1823	1866	-815	505	228	22529	-6658	4865
1550492311.399777	1207	2018	1849	-445	692	-15	18945	-2306	3841
1550492311.410399	1336	2040	1922	-259	886	4	20481	767	4097
1550492311.433427	1454	1963	1864	377	633	56	18689	3327	-768
1550492311.452046	1403	1914	1778	167	236	126	18689	4095	4097
1550492311.46252	1389	1923	1800	203	-22	49	18177	4607	769
1550492311.472994	1371	1926	1769	230	91	-293	19969	4607	-2304
1550492311.483527	1343	1960	1749	243	14	-309	18177	3071	1537
1550492311.494095	1370	1994	1727	529	83	121	17409	3583	-3072
1550492311.504691	1417	1978	1716	571	76	-69	18433	3839	-3840
1550492311.558491	1448	1991	1697	565	-276	-75	17153	2559	-2048
1550492311.620977	1462	1989	1709	564	-301	-72	13313	511	2817
1550492311.635882	1370	2002	1726	579	-230	125	14593	-1282	1025
1550492311.646326	1134	1902	1726	230	-544	83	12545	-2306	769
1550492311.65714	1209	1855	1599	379	-318	127	10241	-2818	1025
1550492311.677213	1247	2037	1546	378	47	-79	11777	-2306	-3584
1550492311.732258	1277	2137	1560	524	14	29	8961	-2562	513
1550492311.744697	946	1911	1612	852	-258	-532	9985	-4610	-256
1550492311.773447	790	1634	1844	576	27	-560	8193	-4354	-1024
1550492311.802099	873	1450	2010	261	256	-457	9729	-3586	1281
1550492311.828507	1235	1689	1842	-389	424	-165	13057	-2050	3585
1550492311.872108	1343	1864	1936	-598	173	258	12545	511	-3072
1550492312.13227	1392	1923	1993	-523	-4	-45	12033	1791	-256
1550492312.142729	1363	1817	1982	-536	-131	28	13825	2047	-2560
1550492312.157223	1289	1778	1897	-426	-200	-325	13057	2815	-2816
1550492312.167792	1275	1841	1809	-1139	-365	-356	13057	2303	-3072
1550492312.462098	1325	1908	1832	-1004	69	41	15105	3583	-256
1550492312.472553	1407	2009	1840	-925	83	31	16129	4863	-1024
1550492312.509265	1368	2035	1829	-681	-204	-192	16129	4863	-1024
1550492312.595888	1332	2007	1793	-827	-614	-530	20993	4095	-512
1550492312.649764	1357	1979	1775	-425	-491	-606	20737	3839	5377
1550492312.679586	1323	1943	1790	-492	-736	-457	23809	2303	5377
1550492312.704691	1314	1919	1790	-812	-1084	-773	24321	767	9473
1550492312.715164	1343	1942	1804	-652	-1119	-880	28417	-514	11009
1550492312.725568	1319	1925	1810	-704	-1143	-685	-32511	-2562	13569
1550492312.75331	1230	1919	1808	-1148	-1058	-740	-32255	-3586	16129
1550492312.76386	1158	1941	1834	-1366	-775	-791	-27647	-3842	17921
1550492312.774282	1193	2090	1904	-1001	-638	-617	-24319	-2306	19201
1550492312.78483	1294	2100	1749	-1100	-595	18	-22783	-1026	20737
1550492312.795433	1055	1804	1793	-724	-631	-125	-21247	-258	20225
1550492312.805947	776	1644	1918	-1100	-394	109	-22015	-770	22017
1550492312.816471	958	1759	1920	-964	-86	452	-21247	1279	26113
1550492312.827883	1128	1760	2055	-1116	267	681	-24063	3839	17921
1550492312.849749	1276	1645	2042	-1066	563	461	-24319	6399	19201
1550492312.860395	1342	1760	1908	-1104	613	587	-23295	10239	16129
1550492312.87099	1204	1899	1827	-1138	184	-46	-23295	11263	18945
1550492312.881632	1182	1995	1833	-873	138	-274	-24831	15359	18945
1550492312.89216	1321	1984	1907	-480	160	-134	-24831	17919	17665
1550492312.902595	1363	1881	1865	-607	297	-378	-22015	19199	18177
1550492312.913054	1375	1847	1815	-399	-8	-374	-21759	19967	16385
1550492312.923491	1394	1843	1785	-448	-102	-232	-19455	22527	18689
1550492312.934026	1379	1888	1768	-850	-349	-427	-17407	23551	19201
1550492312.944611	1323	1963	1733	-867	-176	-432	-15615	24319	19969
1550492312.955189	1367	1992	1687	-821	-381	-255	-15871	24575	18177
1550492312.96564	1373	2001	1693	-831	-365	-294	-15103	26367	23297
1550492312.976082	1347	1995	1722	-667	-336	31	-13311	27391	24321
1550492312.98661	1257	2027	1761	-847	-213	-50	-16127	30463	19713
1550492312.997173	630	1849	1836	-870	-572	-96	-14591	30207	23553
1550492313.033407	939	1691	1797	-750	-13	-509	-15359	31487	24833
1550492313.05705	1443	1682	1639	-960	479	-176	-12799	-29185	23553
1550492313.16588	1361	1766	1911	-1156	293	-318	-12799	-25601	23297
1550492313.176359	1360	1744	1959	-1256	-551	-599	-10495	-23553	22273
1550492313.186895	1236	1653	1979	-1652	-460	-839	-10495	-21249	26881
1550492313.197599	1226	1718	1914	-2311	-241	-1094	-12031	-18433	31489
1550492313.212079	1195	1783	1922	-2842	-571	-1105	-7935	-11521	28673
1550492313.244643	1252	1904	1936	-2696	-542	-1052	-8191	-6401	30721
1550492313.282084	1249	1999	1966	-2887	-392	-736	-9215	-1025	32257
1550492313.337201	1249	2049	1948	-2504	-439	-732	-13823	3328	-30207
1550492313.347832	1232	2010	1937	-2232	-839	-1050	-13311	8448	-25855
1550492313.362115	1217	1916	1958	-2384	-883	-1031	-15615	12032	-24063
1550492313.405903	1199	1869	1935	-2427	-879	-757	-15615	14592	-26111
1550492313.437043	1183	1894	1943	-2280	-788	-711	-17407	18176	-27903
1550492313.46101	1214	1966	1928	-2662	-395	-868	-23295	22528	-22527
1550492313.579588	1231	2038	1948	-2615	-611	-808	-25343	25856	-22527
1550492313.594655	1216	2039	1977	-2400	-583	-792	-32255	29184	-23039
1550492313.617201	1220	2020	1998	-2308	-524	-817	30721	-32512	-20735
1550492313.627852	1229	1999	1992	-2155	-239	-818	27905	-30976	-20223
1550492313.638375	1266	1944	2012	-2134	-195	-502	22017	-26368	-21247
1550492313.654691	1274	1864	2051	-2127	-249	-796	18945	-26880	-17407
1550492313.683347	1279	1886	1933	-2174	-256	-788	16129	-23296	-21759
1550492313.705881	1206	1916	1975	-2081	-579	-421	9729	-22016	-21759
1550492313.747054	1174	1860	2051	-1823	-802	-553	6145	-20736	-20735
1550492313.77722	1184	1699	1931	-1456	-779	-414	2561	-21248	-22783
1550492313.793353	1231	1708	1802	-1438	-507	-473	-256	-21248	-19711
1550492313.865896	1133	1821	1842	-1480	-884	-503	-4096	-22528	-20735
1550492313.876312	1136	1826	1704	-1814	-797	-791	-10496	-22272	-21503
1550492313.92972	1201	1825	1706	-1751	-315	-553	-13056	-23040	-18943
1550492313.940315	1316	1849	1763	-1747	-29	-377	-19456	-20736	-17407
1550492313.987203	1250	1905	1775	-1697	-281	-214	-24320	-20736	-13567
1550492314.035879	1271	1937	1783	-1460	-286	-583	-30464	-19968	-16639
1550492314.232095	1307	1917	1784	-1608	16	-596	31744	-21248	-12543
1550492314.284692	1350	1923	1770	-1171	67	-242	29952	-21248	-14847
1550492314.34973	1326	1897	1763	-1325	-257	-384	23808	-22016	-10751
1550492314.363322	1291	1849	1787	-1322	-328	-320	22784	-22528	-11775
1550492314.373847	1298	1800	1837	-1315	-226	0	17408	-23552	-14591
1550492314.429755	1299	1763	1854	-1365	-446	-151	15616	-23296	-13567
1550492314.443421	1252	1861	1847	-1330	-509	-232	11520	-25600	-12287
1550492314.453861	1311	1906	1862	-929	-495	-170	9984	-26880	-17407
1550492314.474578	1396	1913	1901	-1093	-782	-364	5632	-30464	-15359
1550492314.497156	1290	1899	1942	-815	-904	-346	3328	-32000	-13823
1550492314.527072	1038	1815	1983	-593	-940	-307	4352	30464	-16639
1550492314.53736	1111	1869	1919	-536	-460	-315	1792	29696	-19455
1550492314.553432	1284	1916	1986	-150	-298	118	2816	28416	-19711
1550492314.588407	1170	2060	1914	-259	-178	85	1536	27392	-14591
1550492314.6279	1066	2137	1911	181	-375	-74	512	27648	-16895
1550492314.638302	1207	2061	1841	398	72	-51	3072	28160	-15359
1550492314.648714	1235	1993	1858	393	33	-50	256	29184	-15103
1550492314.693444	1140	1948	1886	561	-368	-29	3584	30976	-10751
1550492314.715728	1171	1968	1816	201	15	272	4096	30208	-11007
1550492314.727056	1262	2014	1831	298	265	274	2048	29952	-5887
1550492314.737463	1275	2076	1863	327	268	-102	2048	31232	-7423
1550492314.747864	1253	2074	1858	138	-1	93	1024	30976	-5119
1550492314.763372	1238	2020	1854	232	290	-288	2816	-32512	-2815
1550492314.779476	1205	1965	1869	250	328	-374	4608	-31488	-6655
1550492314.795827	1179	1912	1897	197	522	-577	6400	-30976	-3071
1550492314.806267	1161	1840	1871	363	454	-771	9216	-29184	-4095
1550492314.832234	1168	1879	1834	308	796	-504	9472	-28416	-5119
1550492314.864709	1139	1868	1828	-6	635	-363	14080	-26880	-2559
1550492314.907219	1429	1803	1730	-80	627	-54	13568	-25088	-767
1550492314.962166	1502	1867	1794	117	377	-92	11008	-26112	3842
1550492314.978416	1416	1879	1892	117	-332	-209	11520	-24576	1794
1550492314.998436	1211	1875	1853	44	-194	-620	13824	-25088	258
1550492315.040915	1149	1826	1781	-340	-358	-632	17152	-26368	2818
1550492315.055901	1225	1742	1777	-520	22	-305	12800	-27392	6146
1550492315.09222	1294	1727	1795	-596	24	-272	11520	-26624	5890
1550492315.120908	1253	1758	1818	-535	-139	-513	11264	-27392	5634
1550492315.193433	1274	1844	1828	-255	-150	-385	9216	-27648	4098
1550492315.203966	1369	1948	1801	-254	-293	-192	11008	-27392	3074
1550492315.249587	1388	1951	1792	-293	-174	-103	11520	-27136	2562
1550492315.260321	1256	1893	1789	74	-558	-56	10240	-28160	3330
1550492315.274735	1212	1840	1769	-40	-514	-109	11008	-29440	-255
1550492315.323425	1248	1852	1851	277	-214	-116	12032	-28416	1026
1550492315.344702	1213	1818	1884	268	-202	277	14848	-27904	2050
1550492315.399753	1080	1762	1846	259	-320	-82	14080	-28672	-3583
1550492315.410754	1221	1797	1869	-114	101	119	14080	-27392	-4351
1550492315.432275	1289	1860	1873	64	84	81	13312	-28672	770
1550492315.459744	1162	1818	1868	60	30	46	14848	-27648	-3071
1550492315.502108	1194	1802	1792	42	-25	-368	14848	-27648	-3071
1550492315.544694	1354	1822	1806	-307	320	-267	14080	-26624	-1279
1550492315.594717	1384	1898	1836	-292	-48	-125	15104	-26624	3586
1550492315.605315	1292	1895	1843	-107	14	261	16128	-26624	1026
1550492315.663373	1264	1812	1812	-73	41	81	14592	-26368	-511
1550492315.673838	1309	1758	1837	122	60	24	17408	-25600	-1791
1550492315.705889	1280	1736	1841	-359	-360	-271	17920	-25600	2050
1550492315.716412	1182	1727	1831	-205	-169	-273	15616	-27392	-767
1550492315.734681	1224	1792	1819	-637	7	64	15616	-26112	1794
1550492315.780944	1280	1841	1837	-441	73	-102	15360	-26368	2306
1550492315.808495	1270	1901	1831	-403	29	-54	16128	-26368	1538
1550492315.838501	1257	1919	1836	-551	-360	263	10496	-26368	1282
1550492315.921007	1270	1972	1850	-208	-131	270	10240	-26368	4098
1550492315.931494	1293	2039	1911	53	-344	-88	12288	-27136	-1279
1550492315.94204	1206	2030	1854	286	-350	-263	10240	-26368	-1535
1550492315.990794	1278	1882	1689	-4	-300	-318	11264	-26368	1026
1550492316.004643	1285	1861	1726	-301	-194	-330	14080	-26880	-1279
1550492316.038494	1240	1934	1804	-235	-425	-361	13056	-27392	2562
1550492316.064687	1247	1968	1859	-634	-893	-377	12544	-28160	-2815
1550492316.094684	1255	1996	1854	-540	-509	-305	11520	-29440	-4863
1550492316.165875	1316	2003	1810	-245	-414	-291	14336	-29952	-4863
1550492316.179736	1337	2052	1771	-189	-401	-322	15104	-31744	-12799
1550492316.234608	1214	2087	1780	-373	-422	-326	13056	-31232	-14335
1550492316.260956	1187	2023	1803	-259	-556	-316	13824	32512	-12287
1550492316.271585	1289	1944	1802	-314	-135	-370	17920	-32512	-15103
1550492316.281992	1283	1944	1799	-333	-168	-150	14848	32000	-13311
1550492316.313162	1258	1947	1809	-237	-549	-160	18944	32256	-19199
1550492316.344684	1230	1951	1803	-423	-599	-377	20992	30208	-20991
1550492316.395873	1248	1947	1832	-510	-611	-134	20224	29696	-27903
1550492316.423336	1116	2053	1812	-510	-466	-235	21504	29952	-25087
1550492316.435895	1011	2111	1840	-474	-452	-548	22528	28928	-26367
1550492316.452106	1024	1986	1812	-611	-152	-137	23296	28160	30465
1550492316.555531	914	1995	1930	-376	-528	280	23552	26624	30721
1550492316.567055	858	1764	2000	-316	-201	254	25600	26368	25601
1550492316.622184	1052	1853	2175	85	349	804	22528	26624	30209
1550492316.637045	1208	1753	2148	124	531	664	20224	29440	25345
1550492316.8397	1259	1694	1993	-260	710	786	17152	31744	32513
1550492316.850172	1234	1846	1860	-349	661	308	18176	32512	30977
1550492316.860714	1188	1972	1950	-361	855	-46	15616	-32000	32257
1550492316.871137	1317	1987	2029	107	823	-3	17152	-29184	-29695
1550492316.881683	1371	1954	1996	306	401	-40	15616	-28160	-22783
1550492316.892133	1362	1880	1922	518	559	80	20736	-25600	-28671
1550492316.902679	1435	1885	1879	208	185	-148	19200	-23552	-30719
1550492316.918344	1445	1925	1848	191	317	-209	24064	-22016	-32767
1550492316.954698	1414	1993	1835	176	-52	-139	26112	-22016	-27391
1550492317.044681	1417	2010	1782	187	-34	6	26112	-20992	-28927
1550492317.055325	1444	1975	1732	160	-42	-22	27392	-20224	-28671
1550492317.089621	1469	2008	1713	198	-293	-72	29952	-18944	-28927
1550492317.139782	1352	2090	1704	528	-189	122	-32256	-21248	-30207
1550492317.224671	1150	2085	1687	775	-232	-329	-32000	-22272	-32255
1550492317.244712	1130	1957	1791	696	-127	-351	-29440	-21760	-29183
1550492317.269225	1226	1867	1612	735	-2	-312	-24320	-22272	-30719
1550492317.279746	1173	1955	1475	679	-105	109	-22016	-21248	28161
1550492317.290363	703	1821	1895	894	-40	99	-18432	-21760	29441
1550492317.300954	741	1491	1817	231	-36	-650	-12032	-20992	30721
1550492317.32098	937	1582	1935	-524	511	-709	-9984	-22272	29697
1550492317.441028	1200	1632	1810	-870	879	-616	-9984	-19456	-29695
1550492317.562296	1476	1905	1987	-781	530	-66	-12544	-18688	-23551
1550492317.579756	1276	1883	2038	-600	116	-79	-11520	-16128	-27903
1550492317.590265	1264	1780	1996	-373	-600	62	-13056	-17152	-30207
1550492317.670988	1323	1746	1878	-467	-537	-4	-11520	-17408	30209
1550492317.735854	1404	1808	1888	-779	-618	296	-14848	-17408	32513
1550492317.784677	1433	1890	1921	-716	-633	294	-15872	-19200	-32511
1550492317.818397	1485	1920	1933	-680	-626	-15	-15872	-19456	27649
1550492317.858449	1442	1952	1865	-644	-654	-354	-19968	-19712	27905
1550492317.870979	1326	1978	1834	-646	-1065	-626	-21504	-21760	27137
1550492317.934641	1333	1991	1819	-845	-884	-402	-20992	-23552	24321
1550492317.963522	1495	1981	1864	-784	-482	-406	-19712	-23808	22017
1550492318.177003	1450	2011	1818	-497	-896	-451	-19712	-25344	19969
1550492318.263396	1236	1925	1783	-777	-967	-1027	-17152	-27904	18689
1550492318.282209	1117	1763	1810	-996	-1030	-668	-16128	-28416	10753
1550492318.292744	1037	1895	1902	-1368	-503	-431	-16128	-28416	10753
1550492318.303187	1076	2257	1734	-734	-174	-149	-17920	-29440	11009
1550492318.313542	1019	1932	1793	-648	-533	126	-20480	-31232	14849
1550492318.324004	730	1567	2134	-467	-812	535	-23040	-32000	7169
1550492318.33459	910	1813	2034	-511	-51	1236	-25088	32000	9729
1550492318.34591	1133	1805	2147	-251	334	1655	-31232	-31744	7937
1550492318.358485	1121	1684	2082	20	183	939	26112	-30720	9729
1550492318.392836	952	1853	1905	56	463	287	25344	-28928	14081
1550492318.403305	1140	2005	1968	-117	730	10	22272	-26368	16385
1550492318.413872	1450	2031	1998	190	763	2	26624	-23296	16897
1550492318.429579	1624	1945	1944	626	471	-370	26112	-21504	21761
1550492318.440213	1551	1892	1861	418	301	-296	28672	-18944	21505
1550492318.450625	1469	1908	1851	232	88	-583	-32000	-18688	22017
1550492318.461224	1440	1970	1806	145	71	-616	-29952	-18176	17665
1550492318.471695	1377	2038	1783	158	33	-145	-28928	-18176	21249
1550492318.482277	1364	1994	1725	196	60	59	-26880	-18688	19713
1550492318.492706	1396	1958	1634	238	99	282	-26624	-19712	20481
1550492318.503233	1321	2036	1612	616	24	-44	-25344	-18944	17921
1550492318.513896	1178	1933	1798	430	41	116	-24832	-17664	20737
1550492318.524516	1244	1856	1720	605	286	49	-21248	-18176	18177
1550492318.535024	1216	1966	1369	462	-26	275	-21760	-18688	19969
1550492318.545803	708	1836	1785	815	-18	-58	-15872	-16640	16897
1550492318.557171	556	1401	1974	334	-127	-1093	-14592	-15872	24065
1550492318.624589	921	1623	1932	-341	461	-947	-12032	-15360	24577
1550492318.668481	1326	1892	1991	-255	983	73	-10240	-12544	29185
1550492318.683441	1418	1907	2064	-363	821	349	-14336	-10496	30465
1550492318.693872	1456	1702	1956	-1	-289	13	-9984	-10240	31489
1550492318.784662	1298	1624	1923	-564	-839	-87	-10752	-11008	27905
1550492318.804616	1360	1756	1873	-664	-798	-84	-15104	-12288	25857
1550492318.834631	1354	1905	1919	-934	-482	35	-17408	-12544	25345
1550492318.895832	1467	1993	1923	-1105	-545	-325	-18432	-13568	24577
1550492318.940905	1478	2007	1881	-1040	-421	-193	-22016	-13568	18945
1550492319.054567	1433	1996	1828	-884	-1038	-458	-24064	-16384	23041
1550492319.065817	1271	1932	1846	-647	-917	-512	-20992	-18432	16385
1550492319.152075	1364	1908	1852	-1045	-854	-811	-24320	-20992	13825
1550492319.390969	1404	1905	1844	-1148	-665	-648	-23040	-19968	12033
1550492319.404685	1301	1938	1805	-937	-1118	-731	-21504	-24576	12545
1550492319.573256	1214	1876	1728	-1192	-975	-1027	-23040	-27648	14849
1550492319.615846	1185	1894	1800	-1618	-1048	-858	-26112	-28928	5889
1550492319.626156	1140	2141	1953	-1178	-446	-529	-25088	-30720	2049
1550492319.643363	1102	2350	1699	-1089	-783	-109	-27648	-30976	6401
1550492319.690292	988	1685	1766	-682	-457	149	-29696	31488	3073
1550492319.725788	746	1385	2154	-753	-594	872	30208	30976	513
1550492319.832075	921	1567	2037	-1047	19	1328	26368	28928	2561
1550492319.842519	1210	1561	2056	-879	774	1212	18176	31488	6401
1550492319.882107	1136	1660	1882	-660	602	815	10496	-32512	9985
1550492319.892531	1094	1821	1820	-697	591	142	6400	-30208	13569
1550492320.280692	1246	1930	1956	-666	790	53	4864	-28672	12545
1550492320.291127	1549	1983	1952	-847	772	-350	5632	-27648	13825
1550492320.301539	1493	1918	1797	-433	-88	-620	3328	-26112	11777
1550492320.311965	1411	1876	1805	-442	28	-434	2560	-26880	15105
1550492320.322395	1494	1962	1832	-448	-257	-454	5632	-28672	13313
1550492320.332825	1439	2007	1793	-391	-166	-573	3328	-28416	10753
1550492320.343207	1403	1994	1747	-240	-144	-221	4352	-28160	7937
1550492320.843134	1400	1972	1682	-184	-368	-161	5376	-29184	10753
1550492320.853578	1459	2008	1657	-353	10	21	4096	-29696	7169
1550492320.863954	1366	1998	1701	4	-273	70	3584	-29184	7169
1550492320.874213	1118	1970	1721	-122	-383	-289	2304	-28928	5377
1550492320.884469	1198	1932	1687	-124	57	-30	4096	-28672	11009
1550492320.894758	1186	1992	1336	-41	37	192	3328	-28928	9217
1550492320.90517	729	1808	1564	49	-257	-528	2560	-28160	11265
1550492320.915641	589	1542	1928	-240	-1	-631	3072	-26112	9473
1550492320.926139	1049	1263	2056	-740	385	-671	2304	-27648	10497
1550492320.936746	1501	1655	1884	-1375	637	0	1024	-25600	9473
1550492320.947349	1257	1831	2007	-1327	275	-296	-2817	-25344	13057
1550492320.957954	1298	1885	1970	-1306	1	-485	-5889	-27392	14337
1550492320.968562	1305	1733	1939	-1160	-202	-634	-7169	-28416	7681
1550492320.979005	1343	1758	1863	-1630	-387	-204	-8193	-31488	7425
1550492320.98947	1350	1827	1877	-1818	-584	-183	-11521	30976	11009
1550492321.00467	1423	1879	1884	-1903	-608	-152	-14593	25344	13569
1550492321.015095	1415	1955	1911	-1703	-889	-637	-19457	21760	6145
1550492321.119544	1383	2007	1888	-1822	-1042	-822	-19457	21760	6145
1550492321.189585	1350	2020	1827	-1565	-929	-738	-19457	11008	2049
1550492321.200096	1394	2062	1887	-1345	-956	-1047	-16641	7936	-1280
1550492321.210521	1334	2035	1855	-935	-979	-737	-14593	2048	-6400
1550492321.220951	1142	1927	1766	-915	-980	-691	-12801	-2049	-8192
1550492321.231505	1184	1847	1799	-1257	-497	-438	-13057	-6657	-6912
1550492321.241931	1247	1891	1833	-1574	-595	-591	-13569	-9473	-7168
1550492321.25238	1148	2044	1883	-976	-198	-543	-11265	-12801	-11264
1550492321.262787	1212	2053	1570	-982	-224	-217	-13825	-13825	-7168
1550492321.273216	932	1688	1828	-1323	-595	-42	-14081	-17665	-6656
1550492321.283676	910	1661	2020	-1172	-320	426	-15361	-19713	-7680
1550492321.294044	1005	1903	2179	-943	83	1095	-22529	-21761	-1280
1550492321.723441	1055	1700	2176	-495	371	1075	-26881	-22529	-512
1550492321.733887	1093	1651	1982	-431	541	671	-31745	-22273	1793
1550492321.744306	1144	1812	1878	-776	694	-35	-31745	-19713	513
1550492321.754917	1276	1970	1920	-789	943	8	32255	-18433	6145
1550492321.765502	1482	2027	1964	-589	1031	-299	-31489	-16385	8705
1550492321.776102	1477	1923	1855	-317	212	-356	-32513	-14081	2049
1550492321.786691	1379	1864	1799	-302	335	-352	-28673	-13825	2817
1550492321.797284	1407	1913	1800	-340	-35	-534	-29185	-13057	5889
1550492321.80792	1431	1956	1776	-312	11	-589	-26625	-12033	3329
1550492321.818524	1357	1975	1742	-262	-338	-520	-24833	-13057	2817
1550492321.829077	1381	1963	1724	116	17	-342	-26881	-12545	7169
1550492321.839587	1458	1984	1697	-88	44	-290	-24321	-12801	7425
1550492321.85007	1511	2034	1679	327	74	100	-23297	-11777	6145
1550492321.860594	1320	2006	1719	517	-549	122	-23809	-10753	2561
1550492321.871182	1139	1848	1812	544	-557	46	-24577	-10753	6401
1550492321.881744	1151	1857	1530	347	-164	-29	-25857	-11521	8449
1550492321.892178	1193	2071	1461	199	-25	72	-24321	-10241	5889
1550492321.902623	889	1983	1593	522	-76	-166	-24321	-8961	11009
1550492321.913004	694	1691	1927	229	-75	-560	-22529	-7169	9729
1550492321.923415	926	1384	1962	287	215	-582	-19969	-6657	9473
1550492321.933865	1400	1658	1799	-470	1026	-298	-20481	-2817	8705
1550492321.944296	1394	1914	1949	-594	138	-106	-20481	-2817	8705
1550492321.954749	1348	1968	1954	-236	37	-292	-18689	-1793	13057
1550492322.000959	1275	1850	2055	-214	-575	-157	-19969	-3841	9217
1550492322.01845	1201	1759	1912	-403	-579	-171	-18433	-5633	5889
1550492322.043303	1261	1804	1902	-669	-323	45	-18689	-6145	6145
1550492322.14338	1337	1867	1897	-703	-303	52	-18433	-7937	6401
1550492322.197245	1370	1931	1854	-704	-321	-295	-20225	-11777	12289
1550492322.674829	1333	1932	1846	-1028	-233	-204	-18689	-13057	5889
1550492322.68515	1332	1896	1852	-762	-578	-529	-20737	-16129	10497
1550492322.695318	1300	1908	1792	-730	-777	-409	-19457	-17665	8705
1550492322.705564	1269	1942	1821	-1026	-816	-471	-18177	-20481	8961
1550492322.715918	1294	1927	1824	-729	-806	-474	-15361	-23297	5633
1550492322.726343	1278	1926	1809	-1044	-864	-485	-12289	-27393	4865
1550492322.736702	1214	1942	1862	-1087	-806	-467	-11521	-31233	1537
1550492322.747282	1197	1973	1840	-1069	-605	-472	-10753	-32513	4353
1550492322.757888	1252	1983	1824	-658	-382	-607	-8449	31487	3329
1550492322.768317	1295	1950	1794	-830	-374	-556	-7169	27903	1537
1550492322.778728	1247	1866	1777	-884	-170	-189	-5377	26879	-1280
1550492322.789176	1175	1804	1839	-747	-161	-318	-3585	25599	4353
1550492322.799646	1109	1830	1855	-768	-137	71	-2049	23551	-1536
1550492322.810097	1054	1919	1921	-871	-236	180	-4865	22271	257
1550492322.820643	1001	1816	1935	-490	-145	541	-5889	20991	2817
1550492322.831178	1172	1792	1919	-467	194	142	-7937	22015	-1024
1550492322.841616	1344	1872	1939	-491	387	-59	-6401	22527	769
1550492322.852178	1383	1925	1927	-386	570	112	-6401	23551	-2816
1550492322.86258	1332	1914	1853	-143	348	34	-6913	24319	-2816
1550492322.872958	1283	1862	1804	-321	286	26	-8705	24575	2305
1550492322.883329	1204	1851	1824	-260	-48	10	-8961	24575	-2048
1550492322.893901	1199	1883	1859	98	311	63	-9217	26623	1537
1550492322.904463	1257	1888	1789	-109	300	108	-7681	27647	513
1550492322.914897	1274	1847	1756	-30	-76	74	-9217	27647	769
1550492323.23082	1299	1832	1748	-59	-104	26	-8961	29439	-2048
1550492323.310982	1289	1842	1758	-114	79	-316	-9473	29439	1
1550492323.3822	1334	1910	1743	96	11	-333	-9473	29439	1
1550492323.453361	1393	1926	1772	92	16	12	-9217	30719	-3072
1550492323.653214	1411	1889	1756	79	-177	66	-8193	30975	-4096
1550492323.690467	1018	1752	1789	111	-896	-246	-7425	27647	1281
1550492323.714191	1198	1917	1697	-373	-119	-367	-6145	28159	-6400
1550492324.704609	1266	1952	1795	-379	-34	12	-6913	28159	-6656
1550492324.812359	1346	1947	1810	-285	-93	-264	-7425	28415	2817
1550492324.82279	1399	1898	1795	-93	-297	-343	-6657	30463	-3072
1550492326.856071	1358	1855	1767	-121	-232	-327	-5377	29183	-1280
1550492326.866434	1320	1873	1785	54	-522	-306	-5889	28415	-4864
1550492326.876845	1295	1868	1847	-285	-414	-273	-3329	27391	-7424
1550492326.887195	1279	1880	1829	-311	-472	0	-6145	25855	-512
