1.55049e+09	-0.2059212923049927	1.596761465072632	0.08532705903053284	-0.01716488972306252	-0.03778503090143204	-0.008432935923337936	-0.9991028308868408
1550493548.653418	-0.2061302661895752	1.596926093101501	0.08425714075565338	-0.01871989108622074	-0.03684123232960701	-0.009095470421016216	-0.999104380607605
1550493548.723089	-0.2060268223285675	1.598088622093201	0.08583804965019226	-0.009540151804685593	-0.04358624666929245	-0.008487164974212646	-0.9989680647850037
1550493550.372852	-0.1984706521034241	1.598005175590515	0.08448714762926102	-0.008775775320827961	-0.05473656579852104	-0.007524152752012014	-0.9984340071678162
1550493550.383382	-0.1979698240756989	1.598245859146118	0.08472942560911179	-0.009119885973632336	-0.0585942268371582	-0.007057275623083115	-0.9982153177261353
1550493550.392992	-0.1990708857774734	1.597896337509155	0.08481066673994064	-0.009137580171227455	-0.06015785783529282	-0.007540183141827583	-0.9981186389923096
1550493550.393014	-0.198445126414299	1.598940134048462	0.08671210706233978	-0.008334252052009106	-0.05845187231898308	-0.01294471975415945	-0.9981715083122253
1550493550.412971	-0.1976465582847595	1.598838329315186	0.08743300288915634	-0.007384617812931538	-0.06772834062576294	-0.01489380653947592	-0.9975653886795044
1550493550.533489	-0.1873104274272919	1.595988273620605	0.09262465685606003	0.009384454227983952	-0.190075471997261	-0.01165863871574402	-0.9816554188728333
1550493551.523215	-0.1707901209592819	1.599114537239075	0.08969131857156754	0.04013151302933693	-0.2794603407382965	0.0009152636048384011	-0.9593177437782288
1550493551.53294	-0.1724402904510498	1.599095940589905	0.08875778317451477	0.04186032339930534	-0.2588551640510559	0.002201393013820052	-0.9650061726570129
1550493551.55321	-0.1750371754169464	1.598429679870605	0.08639936894178391	0.04002227634191513	-0.2225386053323746	0.003266162937507033	-0.9740965962409973
1550493554.933233	-0.176503911614418	1.595221996307373	0.04365275055170059	-0.01871893927454948	0.2608873844146729	-0.01262280996888876	-0.9651052355766296
1550493554.983039	-0.1739328950643539	1.59449303150177	0.04021536558866501	-0.01638348773121834	0.3191831111907959	-0.01089393068104982	-0.9474888443946838
1550493554.983068	-0.1730062067508698	1.594508528709412	0.03942462429404259	-0.020141227170825	0.333302766084671	-0.01152595598250628	-0.9425342082977295
1550493555.752744	-0.1719867438077927	1.594168305397034	0.0629274919629097	-0.05983021855354309	0.3041927516460419	-0.01435361243784428	-0.950621485710144
1550493555.76326	-0.1723963916301727	1.594243407249451	0.06437317281961441	-0.05773122981190681	0.2880761027336121	-0.01608231849968433	-0.9557304382324219
1550493555.772726	-0.1734476983547211	1.593917012214661	0.065195232629776	-0.05636908113956451	0.274609237909317	-0.01596951112151146	-0.9597694277763367
1550493555.792831	-0.1737640351057053	1.593940138816833	0.06775955110788345	-0.06248627975583076	0.2432067394256592	-0.01715289056301117	-0.9678076505661011
1550493555.812966	-0.1746324449777603	1.594111084938049	0.0699252262711525	-0.06242807954549789	0.2158127874135971	-0.01777379959821701	-0.9742749333381653
1550493555.833111	-0.174687385559082	1.594498872756958	0.07145319133996964	-0.0609566792845726	0.2025753706693649	-0.01954489573836327	-0.9771721959114075
1550493555.933168	-0.1804836541414261	1.594291090965271	0.07956036925315857	-0.03381691128015518	0.08035580813884735	-0.005540983285754919	-0.9961770176887512
1550493555.933237	-0.1795583963394165	1.594207406044006	0.08082302659749985	-0.03970884531736374	0.06606175750494003	-0.005702266469597816	-0.9970088005065918
1550493555.942892	-0.1796083152294159	1.59403920173645	0.08118357509374619	-0.03809035941958427	0.05322282016277313	-0.005246874410659075	-0.9978421926498413
1550493555.963056	-0.1793663501739502	1.59511137008667	0.08291301131248474	-0.03357864916324615	0.04851986095309258	-0.01121334731578827	-0.998194694519043
1550493558.212505	-0.1791832894086838	1.598997116088867	0.08640483021736145	-0.01230316795408726	-0.06344857066869736	0.002939328551292419	-0.9979050159454346
1550493558.312459	-0.1798396706581116	1.59902560710907	0.08663453906774521	-0.01059598941355944	-0.06327641755342484	0.002340634353458881	-0.9979371428489685
1550493558.343106	-0.1799420863389969	1.598987460136414	0.08645152300596237	-0.01088916510343552	-0.06299372762441635	0.002340259728953242	-0.9979518055915833
1550493558.852908	-0.1857019662857056	1.598173141479492	0.09030749648809433	-0.009952844120562077	-0.07118303328752518	-0.0006789022008888423	-0.9974134564399719
1550493558.862515	-0.185447171330452	1.598214745521545	0.09037821739912033	-0.01036031544208527	-0.0728229358792305	-0.0009815538069233298	-0.9972906708717346
1550493558.873271	-0.1858429610729218	1.598175287246704	0.0906093493103981	-0.009564274922013283	-0.07327401638031006	-0.001088182558305562	-0.9972653985023499
1550493558.882961	-0.1859434694051743	1.598177909851074	0.09083587676286697	-0.008985587395727634	-0.07400310784578323	-0.001133392681367695	-0.9972169399261475
1550493559.182361	-0.1952083557844162	1.607540249824524	0.08430115133523941	-0.03829621896147728	0.04336505383253098	0.00118098862003535	-0.9983243346214294
1550493559.182428	-0.1953565776348114	1.605778098106384	0.08315964788198471	-0.04140090942382812	0.05471544712781906	0.001381394453346729	-0.9976423978805542
1550493559.193097	-0.1964635699987411	1.604785561561584	0.08119159191846848	-0.0452515073120594	0.06942363828420639	0.003331710351631045	-0.9965548515319824
1550493559.202789	-0.1977209448814392	1.603857398033142	0.07956214249134064	-0.04878967255353928	0.08564656972885132	0.003199405502527952	-0.9951251745223999
1550493560.433467	-0.8820509314537048	1.579866886138916	0.1698485165834427	-0.0392497330904007	0.9829438924789429	-0.005008654668927193	-0.1795984953641891
1550493560.472997	-0.9034658670425415	1.57628870010376	0.1779487431049347	-0.03658217936754227	0.984325110912323	-0.00571158854290843	-0.1724336594343185
1550493560.503364	-0.924825131893158	1.573127508163452	0.1858910620212555	-0.03105667419731617	0.9864853620529175	0.006231024395674467	-0.1607585847377777
1550493560.522501	-0.9471422433853149	1.570206880569458	0.1933692097663879	-0.0282772034406662	0.9874866008758545	0.004991272464394569	-0.1550668925046921
1550493560.533289	-0.9549248218536377	1.567289471626282	0.1975572258234024	-0.02263391949236393	0.9882016777992249	0.001323404139839113	-0.151470959186554
1550493560.543039	-0.9621731638908386	1.566974639892578	0.1996840238571167	-0.02177951112389565	0.9888003468513489	0.009478073567152023	-0.1473428457975388
1550493560.552765	-0.9703591465950012	1.564631938934326	0.203390434384346	-0.0181881170719862	0.9891157746315002	0.002699003787711263	-0.1459863483905792
1550493560.593474	-1.002186298370361	1.559583783149719	0.2159295976161957	-0.007291782647371292	0.9903033375740051	0.001666733645834029	-0.1387205570936203
1550493560.62244	-1.026794075965881	1.555868983268738	0.2263698875904083	0.002586019923910499	0.9914095401763916	0.004287729505449533	-0.1306991428136826
1550493560.703515	-1.095308184623718	1.557997822761536	0.2572043240070343	0.02232744358479977	0.9930408596992493	0.001813284121453762	-0.1156208142638206
1550493570.593467	-0.5163431763648987	1.599161505699158	1.068145871162415	0.002562045818194747	0.4675205647945404	-0.006629256997257471	0.8839536309242249
1550493571.652972	0.3087308704853058	1.557448148727417	0.4203103482723236	-0.008718041703104973	0.6632888913154602	0.005157843232154846	0.7482949495315552
1550493571.683476	0.328285425901413	1.561742544174194	0.3942351937294006	-0.008513079024851322	0.6713504791259766	0.006117733661085367	0.7410659193992615
1550493571.692885	0.3343023359775543	1.565233945846558	0.3863662779331207	-0.02492765709757805	0.6689755320549011	0.01433434151113033	0.742728054523468
1550493571.70339	0.3407609462738037	1.56678831577301	0.3779533803462982	-0.02420531027019024	0.6724197268486023	0.01290749665349722	0.7396615743637085
1550493571.713087	0.3471170961856842	1.569223761558533	0.369722306728363	-0.02353183552622795	0.6758056282997131	0.009373385459184647	0.7366445660591125
